302449.866543893	4123692.019544285	0.0
302450.01948725083	4123692.313853495	0.0
302450.16695560026	4123692.614397755	0.0
302450.32016407716	4123692.901114238	0.0
302450.4558336161	4123693.1717752465	0.0
302450.61389563535	4123693.476141003	0.0
302450.7682611848	4123693.780593755	0.0
302450.91916916834	4123694.070139932	0.0
302451.1151191205	4123694.450589181	0.0
302451.2572379216	4123694.724984187	0.0
302451.4620769911	4123695.11854687	0.0
302451.6356383106	4123695.440311377	0.0
302451.78678125516	4123695.7398440023	0.0
302451.98978046764	4123696.1180919725	0.0
302452.16597720113	4123696.4449754893	0.0
302452.3110529918	4123696.7130096853	0.0
302452.4876192915	4123697.0367388907	0.0
302452.6882353007	4123697.4143028148	0.0
302452.85069375247	4123697.716899816	0.0
302453.0434597236	4123698.068928432	0.0
302453.19679411326	4123698.3547168123	0.0
302453.3566561347	4123698.6475679986	0.0
302453.52151921985	4123698.9391912743	0.0
302453.72900145175	4123699.2942042346	0.0
302453.9432112811	4123699.652204493	0.0
302454.126844089	4123699.9681809368	0.0
302454.3487038028	4123700.349500796	0.0
302454.57987009874	4123700.7428140417	0.0
302454.74435870856	4123701.012241788	0.0
302454.86732421466	4123701.374066016	0.0
302455.13443422096	4123701.683070663	0.0
302455.3026238306	4123701.9651788296	0.0
302455.4809289505	4123702.2622219305	0.0
302455.65057536296	4123702.5433706385	0.0
302455.86433264636	4123702.8947202787	0.0
302456.0849178439	4123703.265893169	0.0
302456.2850284966	4123703.609422366	0.0
302456.4460250945	4123703.8876290265	0.0
302456.6308189408	4123704.2089442466	0.0
302456.8029142599	4123704.525007215	0.0
302456.95833617763	4123704.8303603805	0.0
302457.1446826656	4123705.161075926	0.0
302457.2994428249	4123705.425736672	0.0
302457.485011052	4123705.7673876835	0.0
302457.6227585663	4123706.1057307636	0.0
302457.80733528035	4123706.3630209602	0.0
302457.96075228805	4123706.664905631	0.0
302458.09708680585	4123706.938696708	0.0
302458.2454719284	4123707.221641053	0.0
302458.39392243326	4123707.5136506422	0.0
302458.5674007981	4123707.8444840023	0.0
302458.7176514698	4123708.1249789796	0.0
302458.8617182012	4123708.406729704	0.0
302459.00939020753	4123708.6970922975	0.0
302459.17004794325	4123709.00491279	0.0
302459.34764027706	4123709.340830367	0.0
302459.5065496941	4123709.6435109903	0.0
302459.66935150314	4123709.9607178904	0.0
302459.8746897882	4123710.34409199	0.0
302460.0704997458	4123710.71862354	0.0
302460.2266649789	4123711.017853061	0.0
302460.41617303446	4123711.3634822103	0.0
302460.59363482555	4123711.7001430257	0.0
302460.7379752869	4123711.974670917	0.0
302460.9404951449	4123712.338867581	0.0
302461.0549712903	4123712.636070845	0.0
302461.27210339985	4123712.9266959988	0.0
302461.4585930664	4123713.2572232154	0.0
302461.6208375824	4123713.5444673714	0.0
302461.78686122765	4123713.8351382874	0.0
302461.98708468524	4123714.1897671227	0.0
302462.1644459398	4123714.5033007865	0.0
302462.3624165742	4123714.8502111165	0.0
302462.53871222463	4123715.1561833727	0.0
302462.75652235444	4123715.5289020003	0.0
302463.00615773455	4123715.9589731228	0.0
302463.2482955252	4123716.3721973426	0.0
302463.41148354195	4123716.655533559	0.0
302463.60650529934	4123716.984009672	0.0
302463.7916639665	4123717.308277017	0.0
302463.9677814116	4123717.625540711	0.0
302464.1608597508	4123717.984593564	0.0
302464.3304361733	4123718.275365953	0.0
302464.49083658017	4123718.559692968	0.0
302464.64717942115	4123718.8350486876	0.0
302464.8471548115	4123719.1917188163	0.0
302465.0379800754	4123719.5304707084	0.0
302465.2226950609	4123719.8547485205	0.0
302465.40631845564	4123720.176646551	0.0
302465.5889158541	4123720.5178125086	0.0
302465.77047844493	4123720.871585293	0.0
302465.9096653336	4123721.1471597105	0.0
302466.0642992825	4123721.4379136832	0.0
302466.21463239106	4123721.734504993	0.0
302466.3691577334	4123722.0332180886	0.0
302466.52029953164	4123722.3201684835	0.0
302466.67308527057	4123722.6141115734	0.0
302466.83193762996	4123722.9143881793	0.0
302466.9986614762	4123723.2285423195	0.0
302467.1779579007	4123723.5614593485	0.0
302467.3656129015	4123723.910092813	0.0
302467.59322103555	4123724.3219937184	0.0
302467.7843941292	4123724.6692491476	0.0
302467.97804162465	4123725.0147810266	0.0
302468.12895713083	4123725.2984061125	0.0
302468.3114235569	4123725.62144164	0.0
302468.4978736377	4123725.9565958255	0.0
302468.70080172666	4123726.3255939805	0.0
302468.9090612829	4123726.688545519	0.0
302469.08519131585	4123727.000072875	0.0
302469.2797304181	4123727.358351304	0.0
302469.4470366158	4123727.659539237	0.0
302469.6445891091	4123728.0012785266	0.0
302469.8282556961	4123728.3250259818	0.0
302469.9869204116	4123728.5984767824	0.0
302470.142497513	4123728.8727403875	0.0
302470.3565801851	4123729.2505428703	0.0
302470.516767275	4123729.5446819253	0.0
302470.739860949	4123729.947067244	0.0
302470.9641809864	4123730.3512740717	0.0
302471.12979535724	4123730.6497262963	0.0
302471.2951966885	4123730.9516992276	0.0
302471.48413847224	4123731.292160887	0.0
302471.6505659767	4123731.587448366	0.0
302471.8162499347	4123731.888859547	0.0
302472.01882971416	4123732.2493542912	0.0
302472.1950597204	4123732.5714264205	0.0
302472.3812790731	4123732.9093616493	0.0
302472.5765875663	4123733.262626057	0.0
302472.7350959562	4123733.560875447	0.0
302472.93452713155	4123733.919593938	0.0
302473.1243953061	4123734.274281627	0.0
302473.2795288404	4123734.5611381875	0.0
302473.5196394666	4123734.9951344226	0.0
302473.6967391062	4123735.3164459663	0.0
302473.8923129485	4123735.6809913707	0.0
302474.0655985231	4123735.9911054545	0.0
302474.2342047555	4123736.2972588544	0.0
302474.4163359561	4123736.624928285	0.0
302474.5672072434	4123736.8878304353	0.0
302474.7336215881	4123737.1888544024	0.0
302474.91605272214	4123737.510410585	0.0
302475.10524197714	4123737.842539852	0.0
302475.27821869386	4123738.152106115	0.0
302475.40537118097	4123738.4467762345	0.0
302475.6034756743	4123738.727872046	0.0
302475.76815007353	4123739.005252321	0.0
302475.92211768765	4123739.2740027956	0.0
302476.0708101867	4123739.538621565	0.0
302476.25297171593	4123739.86758557	0.0
302476.45352899993	4123740.230163393	0.0
302476.63252446847	4123740.5503201596	0.0
302476.80634490796	4123740.8705987018	0.0
302476.98048261297	4123741.1792124934	0.0
302477.1486275705	4123741.4783454128	0.0
302477.30919251585	4123741.769700137	0.0
302477.5235529861	4123742.153047322	0.0
302477.68730559724	4123742.447842735	0.0
302477.85699436005	4123742.7497148826	0.0
302478.0363028511	4123743.0706044524	0.0
302478.2193297219	4123743.4049141835	0.0
302478.4046223104	4123743.7412060024	0.0
302478.5902236564	4123744.078045669	0.0
302478.7704759091	4123744.407609753	0.0
302478.9422391503	4123744.7222006135	0.0
302479.1106754367	4123745.027432909	0.0
302479.2749846611	4123745.327026192	0.0
302479.44265987887	4123745.631351218	0.0
302479.6098392948	4123745.9334674804	0.0
302479.8087611698	4123746.2957137767	0.0
302479.98127223155	4123746.6043658964	0.0
302480.1546227535	4123746.923545335	0.0
302480.3580934509	4123747.2904955526	0.0
302480.5264557608	4123747.5988752283	0.0
302480.69890594773	4123747.911229517	0.0
302480.9017633173	4123748.2709777593	0.0
302481.07110412023	4123748.5832201852	0.0
302481.24161906645	4123748.89506491	0.0
302481.4159347784	4123749.204969843	0.0
302481.5871933398	4123749.5169821135	0.0
302481.7635965352	4123749.8338693115	0.0
302481.9674107807	4123750.209138112	0.0
302482.14358341007	4123750.5225150515	0.0
302482.29137969133	4123750.786784928	0.0
302482.4952373126	4123751.1576118455	0.0
302482.6701531664	4123751.4741639844	0.0
302482.87344089226	4123751.8333470295	0.0
302483.07514559047	4123752.1881264574	0.0
302483.24552540714	4123752.4879470346	0.0
302483.41487020935	4123752.7877919683	0.0
302483.5797792763	4123753.08774128	0.0
302483.7744127793	4123753.43750609	0.0
302483.94960666297	4123753.740729092	0.0
302484.1401959589	4123754.100951105	0.0
302484.33449028176	4123754.4551647785	0.0
302484.51265007147	4123754.764979311	0.0
302484.68793972995	4123755.078562109	0.0
302484.8650470885	4123755.387661266	0.0
302485.0387885248	4123755.6983199157	0.0
302485.2094291105	4123755.996654099	0.0
302485.37376829406	4123756.2912507956	0.0
302485.58713649213	4123756.6701806225	0.0
302485.7478703173	4123756.949874215	0.0
302485.9118744967	4123757.236522241	0.0
302486.1118263295	4123757.5859769178	0.0
302486.293730294	4123757.8977387804	0.0
302486.5470991393	4123758.341970424	0.0
302486.7432194075	4123758.6731966734	0.0
302486.9325294328	4123758.9979218626	0.0
302487.11084560154	4123759.3081028326	0.0
302487.2770069073	4123759.6109833186	0.0
302487.4396889736	4123759.89803255	0.0
302487.6009402324	4123760.1808596128	0.0
302487.7537157501	4123760.4618507125	0.0
302487.9167370162	4123760.7507423325	0.0
302488.09298737056	4123761.0548657286	0.0
302488.27111662313	4123761.3759682607	0.0
302488.42610986566	4123761.6506159524	0.0
302488.6052829794	4123761.9846464735	0.0
302488.7791808119	4123762.3019628143	0.0
302488.9447028027	4123762.6091142064	0.0
302489.1067326876	4123762.9124620054	0.0
302489.26770571317	4123763.2086182577	0.0
302489.4223163327	4123763.492156712	0.0
302489.60600332456	4123763.823120457	0.0
302489.75930496486	4123764.1076148967	0.0
302489.91391999624	4123764.397629525	0.0
302490.08789606125	4123764.718274703	0.0
302490.2585625061	4123765.0240098145	0.0
302490.4234058501	4123765.3211852363	0.0
302490.5888623669	4123765.6192714144	0.0
302490.7479438837	4123765.9356411537	0.0
302490.8968966744	4123766.217647429	0.0
302491.0453014545	4123766.4952257285	0.0
302491.2276187176	4123766.84343011	0.0
302491.426209223	4123767.2104953737	0.0
302491.6065650628	4123767.5507893516	0.0
302491.76127561776	4123767.838581324	0.0
302491.94316230796	4123768.187350959	0.0
302492.12604482274	4123768.5344318375	0.0
302492.3440182175	4123768.9456348084	0.0
302492.5394427135	4123769.310184077	0.0
302492.74328226154	4123769.6928539476	0.0
302492.88518547703	4123769.964479052	0.0
302493.0311460923	4123770.238784234	0.0
302493.1711618714	4123770.5056428066	0.0
302493.34844294924	4123770.8410131806	0.0
302493.4939294199	4123771.107743037	0.0
302493.69084997405	4123771.485579742	0.0
302493.88695716934	4123771.8539987393	0.0
302494.1067002468	4123772.258683833	0.0
302494.29083489656	4123772.596113402	0.0
302494.46688508336	4123772.9231861215	0.0
302494.6423176344	4123773.2428719224	0.0
302494.81858518743	4123773.5666088806	0.0
302495.02288542874	4123773.943716866	0.0
302495.1748428717	4123774.2213966693	0.0
302495.36052563204	4123774.5617504115	0.0
302495.5496351978	4123774.903133745	0.0
302495.77521852084	4123775.3108270806	0.0
302495.9738432908	4123775.6667894437	0.0
302496.1660101145	4123776.0186479264	0.0
302496.35756800446	4123776.3634893578	0.0
302496.51479599974	4123776.6388247344	0.0
302496.6902284053	4123776.9585105767	0.0
302496.8611465925	4123777.262389509	0.0
302497.0415185625	4123777.540510997	0.0
302497.2028510971	4123777.8578522354	0.0
302497.47217739176	4123778.1193487286	0.0
302497.70038134477	4123778.418364121	0.0
302497.91193742264	4123778.6511581484	0.0
302498.1346305356	4123778.879434303	0.0
302498.2904129572	4123779.1360301045	0.0
302498.63201406883	4123779.3012716286	0.0
302498.9029688162	4123779.4869641345	0.0
302499.1759456018	4123779.6642824397	0.0
302499.4300187889	4123779.8681356474	0.0
302499.6779688266	4123780.063251187	0.0
302499.9297021317	4123780.249395976	0.0
302500.2386562959	4123780.453068156	0.0
302500.51452480594	4123780.621251683	0.0
302500.803609049	4123780.78523851	0.0
302501.15683773125	4123780.9969357937	0.0
302501.5006383663	4123781.2103352062	0.0
302501.8239476248	4123781.4142247974	0.0
302502.1060650535	4123781.571344204	0.0
302502.4529398447	4123781.7582111303	0.0
302502.7638937717	4123781.921128357	0.0
302503.14162694	4123782.0928364354	0.0
302503.4646874516	4123782.2358549903	0.0
302503.80110284884	4123782.3743035076	0.0
302504.13473949593	4123782.5204039053	0.0
302504.4808960188	4123782.6578831137	0.0
302504.809279248	4123782.79448525	0.0
302505.15046493674	4123782.915613206	0.0
302505.53757357964	4123783.0645263717	0.0
302505.87070551753	4123783.195465731	0.0
302506.20506381296	4123783.3282266115	0.0
302506.5741034233	4123783.476269694	0.0
302506.9588023146	4123783.5856418465	0.0
302507.2943603564	4123783.68136728	0.0
302507.589601021	4123783.754911759	0.0
302507.9392270427	4123783.838648944	0.0
302508.35089201014	4123783.9183360105	0.0
302508.76316129207	4123783.98598152	0.0
302509.19398197404	4123784.0309862234	0.0
302509.5572752818	4123784.0542651173	0.0
302509.9229036827	4123784.0636113654	0.0
302510.2911279325	4123784.0449560722	0.0
302510.7258873706	4123783.9932792345	0.0
302511.16239437496	4123783.8901212104	0.0
302511.5304739843	4123783.7772858953	0.0
302511.8931308356	4123783.6729048146	0.0
302512.2538045683	4123783.5596886636	0.0
302512.5552356558	4123783.4561929666	0.0
302512.9921768999	4123783.2960336427	0.0
302513.3730803416	4123783.1309015043	0.0
302513.6912927978	4123782.992409247	0.0
302514.06706043665	4123782.8290632986	0.0
302514.4357181279	4123782.6842032378	0.0
302514.84916318534	4123782.518860681	0.0
302515.1915588725	4123782.370732751	0.0
302515.5137198623	4123782.2177148378	0.0
302515.8285664098	4123782.074490911	0.0
302516.18202521856	4123781.918701294	0.0
302516.474632563	4123781.792283799	0.0
302516.75552448933	4123781.6709528808	0.0
302517.0830300623	4123781.5124432407	0.0
302517.3588598515	4123781.370877446	0.0
302517.6461179941	4123781.2183106886	0.0
302518.02922156476	4123781.008348229	0.0
302518.32946075214	4123780.860472079	0.0
302518.68435442995	4123780.6776335174	0.0
302519.04447097215	4123780.4967074986	0.0
302519.3559211411	4123780.341166183	0.0
302519.6751553869	4123780.1706388467	0.0
302519.9524376566	4123780.0216375203	0.0
302520.29475928366	4123779.845201002	0.0
302520.6218386835	4123779.674859212	0.0
302521.00141571974	4123779.478487513	0.0
302521.32429859333	4123779.305839008	0.0
302521.6936649021	4123779.1156287217	0.0
302522.11066256487	4123778.8937668954	0.0
302522.3666667059	4123778.7048610416	0.0
302522.68840158486	4123778.5872626663	0.0
302523.01959061774	4123778.415529039	0.0
302523.3019957814	4123778.2641868754	0.0
302523.6465788406	4123778.0832564305	0.0
302524.0009204034	4123777.895805191	0.0
302524.30089005583	4123777.73646336	0.0
302524.6561144371	4123777.5488063446	0.0
302525.0046243649	4123777.358716799	0.0
302525.3381878358	4123777.1810062495	0.0
302525.6150136734	4123777.0314607522	0.0
302525.9420758141	4123776.8540882096	0.0
302526.2718864045	4123776.6803517505	0.0
302526.53894942836	4123776.537142157	0.0
302526.8587188236	4123776.364197052	0.0
302527.1719608367	4123776.1967715714	0.0
302527.4871032478	4123776.0283762133	0.0
302527.84608062316	4123775.830454058	0.0
302528.149242172	4123775.6495730765	0.0
302528.45999235555	4123775.476840216	0.0
302528.82329237193	4123775.2740054703	0.0
302529.13866959285	4123775.0967229144	0.0
302529.40625446674	4123774.9442493278	0.0
302529.74077474745	4123774.7568945717	0.0
302530.02260164754	4123774.593538895	0.0
302530.36826766154	4123774.3957449663	0.0
302530.7170560895	4123774.1986177457	0.0
302531.06646206474	4123774.002586229	0.0
302531.40960150666	4123773.8042966747	0.0
302531.7502100528	4123773.611617764	0.0
302532.08943569474	4123773.4167509633	0.0
302532.36776196747	4123773.2555131232	0.0
302532.6968986187	4123773.0656946306	0.0
302533.0904571351	4123772.841054133	0.0
302533.37438025954	4123772.6787594827	0.0
302533.7169631819	4123772.481963414	0.0
302533.9538114801	4123772.2765635937	0.0
302534.250106715	4123772.1726233577	0.0
302534.5556038406	4123771.9966836614	0.0
302534.91756467207	4123771.7872193973	0.0
302535.2764205218	4123771.5778281935	0.0
302535.5677930819	4123771.4114726195	0.0
302535.90418780205	4123771.2094561676	0.0
302536.3509747334	4123770.9521075133	0.0
302536.73484889	4123770.7371318643	0.0
302537.05447525135	4123770.57066681	0.0
302537.36330800154	4123770.3981644455	0.0
302537.7204855045	4123770.205466099	0.0
302538.03052288987	4123770.0338606057	0.0
302538.3483097048	4123769.8583721	0.0
302538.73942460463	4123769.6430411832	0.0
302539.0759152848	4123769.4576758724	0.0
302539.40376941906	4123769.276214465	0.0
302539.77575006627	4123769.077616901	0.0
302540.1366022952	4123768.8776158057	0.0
302540.4918403778	4123768.6842230638	0.0
302540.85081840586	4123768.4925927226	0.0
302541.1679748082	4123768.3217450683	0.0
302541.4897016856	4123768.1439435733	0.0
302541.8250053295	4123767.9647125006	0.0
302542.16344878543	4123767.7868878725	0.0
302542.44648080465	4123767.630720712	0.0
302542.7880205863	4123767.452453204	0.0
302543.07245294587	4123767.2992137033	0.0
302543.3647782438	4123767.1419027857	0.0
302543.7140718359	4123766.9599372344	0.0
302544.07243687456	4123766.7736875108	0.0
302544.3714940331	4123766.613257695	0.0
302544.7390348917	4123766.420871	0.0
302545.11713882576	4123766.2247201563	0.0
302545.43099908426	4123766.0583910807	0.0
302545.8202965884	4123765.8475441383	0.0
302546.21336019394	4123765.6458604354	0.0
302546.6711979961	4123765.405460795	0.0
302546.99870027317	4123765.2341849776	0.0
302547.38619751483	4123765.0285614743	0.0
302547.77543430665	4123764.827708013	0.0
302548.22677957854	4123764.5943075274	0.0
302548.60173947166	4123764.3902742495	0.0
302549.0155464265	4123764.15220572	0.0
302549.3134861122	4123763.988286689	0.0
302549.65930963506	4123763.803442447	0.0
302549.98586398683	4123763.6295985435	0.0
302550.2992156077	4123763.4605060825	0.0
302550.6059266728	4123763.285833712	0.0
302550.904884017	4123763.121150661	0.0
302551.2010756322	4123762.964674271	0.0
302551.54739061557	4123762.775562718	0.0
302551.8450172373	4123762.604619772	0.0
302552.14487473376	4123762.427888238	0.0
302552.5044099017	4123762.234765036	0.0
302552.8076681403	4123762.0579535346	0.0
302553.12375955895	4123761.885836161	0.0
302553.4764280033	4123761.6775165154	0.0
302553.77094530675	4123761.500170512	0.0
302554.06399709824	4123761.323414098	0.0
302554.40841168805	4123761.116398859	0.0
302554.70174186403	4123760.9451870075	0.0
302554.998050903	4123760.7685390506	0.0
302555.29688218556	4123760.585910617	0.0
302555.64038363146	4123760.384097925	0.0
302555.92268546554	4123760.2157360343	0.0
302556.2066224371	4123760.0477057653	0.0
302556.5453359464	4123759.8436002615	0.0
302556.8358744433	4123759.6920679975	0.0
302557.13817188574	4123759.531007346	0.0
302557.4501713282	4123759.3610217962	0.0
302557.7755735526	4123759.182209339	0.0
302558.10416774976	4123759.0007313085	0.0
302558.38232109323	4123758.8509707083	0.0
302558.70439227653	4123758.6814884525	0.0
302559.01433921704	4123758.5185826193	0.0
302559.3000637202	4123758.3636479895	0.0
302559.6436002605	4123758.1821886334	0.0
302559.9191835724	4123758.0363743	0.0
302560.1896397384	4123757.8927159696	0.0
302560.46584925865	4123757.742075983	0.0
302560.7385015522	4123757.597440835	0.0
302561.0030782517	4123757.455401115	0.0
302561.33520379395	4123757.2793912464	0.0
302561.6801406972	4123757.0945683885	0.0
302561.98661747156	4123756.935074948	0.0
302562.4155631728	4123756.7053477513	0.0
302562.7086937085	4123756.5507941586	0.0
302563.011852417	4123756.388603257	0.0
302563.2870009686	4123756.2431693394	0.0
302563.5777832162	4123756.089411158	0.0
302563.93851045996	4123755.896630514	0.0
302564.2602513812	4123755.731967196	0.0
302564.5815139108	4123755.559543621	0.0
302564.84827379807	4123755.4159723916	0.0
302565.16313067405	4123755.247955338	0.0
302565.4838975041	4123755.079614257	0.0
302565.8606846944	4123754.8777592606	0.0
302566.1793902505	4123754.709836763	0.0
302566.5460492973	4123754.5176568655	0.0
302566.91378682666	4123754.32101075	0.0
302567.24867839715	4123754.1430857107	0.0
302567.5688929623	4123753.9638405666	0.0
302567.88936852186	4123753.7956914706	0.0
302568.1644215755	4123753.6524804044	0.0
302568.43630877166	4123753.5130445333	0.0
302568.84136720025	4123753.2929462967	0.0
302569.1848432453	4123753.108898274	0.0
302569.49217699224	4123752.948089716	0.0
302569.84361992904	4123752.7568229646	0.0
302570.1873352155	4123752.576655119	0.0
302570.52878912934	4123752.3883988825	0.0
302570.82842567674	4123752.233692572	0.0
302571.129862562	4123752.0674716844	0.0
302571.4068682849	4123751.9192188284	0.0
302571.7343932716	4123751.7425774583	0.0
302572.02316668176	4123751.585166114	0.0
302572.35157883714	4123751.408503902	0.0
302572.69703372143	4123751.2268149625	0.0
302573.02608952654	4123751.0523580774	0.0
302573.3122580937	4123750.8974135155	0.0
302573.6034016573	4123750.7464227504	0.0
302573.95120926027	4123750.564123423	0.0
302574.29545090214	4123750.3811678337	0.0
302574.58613787836	4123750.229632735	0.0
302574.9299316264	4123750.046502672	0.0
302575.2768608667	4123749.8708853642	0.0
302575.62188534567	4123749.689761785	0.0
302575.9050925349	4123749.540993161	0.0
302576.2376014599	4123749.3875493244	0.0
302576.5587079526	4123749.227342297	0.0
302576.9291248105	4123749.0439562425	0.0
302577.25001387997	4123748.8807937806	0.0
302577.5804441254	4123748.7207375853	0.0
302577.96856476844	4123748.5352698774	0.0
302578.3054442473	4123748.37894779	0.0
302578.63847942	4123748.216424903	0.0
302578.97420213796	4123748.0549490387	0.0
302579.3160783571	4123747.897214226	0.0
302579.66934395983	4123747.739396598	0.0
302580.0902977815	4123747.5661093327	0.0
302580.4010501761	4123747.4437083276	0.0
302580.71479889436	4123747.329193422	0.0
302581.09477897966	4123747.193877095	0.0
302581.4627173655	4123747.049777215	0.0
302581.8337738143	4123746.9061591295	0.0
302582.2058652806	4123746.7625167184	0.0
302582.57868299563	4123746.6183021367	0.0
302582.95031788293	4123746.48040662	0.0
302583.3281845213	4123746.3369985106	0.0
302583.71266561234	4123746.1917695343	0.0
302584.15866405284	4123746.026590178	0.0
302584.47630065377	4123745.913834344	0.0
302584.8545065663	4123745.7785599204	0.0
302585.2314557128	4123745.6464606863	0.0
302585.60077715316	4123745.5108401356	0.0
302585.9680243033	4123745.3939570384	0.0
302586.3371544875	4123745.2816555793	0.0
302586.6492944058	4123745.1993750385	0.0
302586.95897296234	4123745.125664058	0.0
302587.3279380144	4123745.0503737647	0.0
302587.63172402896	4123744.9777265727	0.0
302587.9390890553	4123744.899999243	0.0
302588.30971529905	4123744.807276525	0.0
302588.6846902917	4123744.710750827	0.0
302589.12293955486	4123744.5997845535	0.0
302589.4416287582	4123744.5254916875	0.0
302589.82275291043	4123744.4325221535	0.0
302590.1477565024	4123744.3562304536	0.0
302590.4676155327	4123744.281355008	0.0
302590.8500269597	4123744.1990873455	0.0
302591.23699590797	4123744.1281847637	0.0
302591.56068190746	4123744.077644137	0.0
302591.8891471863	4123744.0290265237	0.0
302592.2726545918	4123743.980779811	0.0
302592.5803459096	4123743.935796388	0.0
302593.0154077249	4123743.878010666	0.0
302593.3870082717	4123743.8330045985	0.0
302593.6965434749	4123743.7909384323	0.0
302594.0530843316	4123743.759794196	0.0
302594.4656892684	4123743.7284417357	0.0
302594.88311696413	4123743.694570406	0.0
302595.3175091205	4123743.6523435926	0.0
302595.63762052055	4123743.6259418908	0.0
302596.0303081837	4123743.5906170304	0.0
302596.4311932479	4123743.5578749543	0.0
302596.8394668386	4123743.524774107	0.0
302597.1670450516	4123743.501342484	0.0
302597.5602110879	4123743.467486734	0.0
302597.8853496512	4123743.4409668976	0.0
302598.2931318453	4123743.412133509	0.0
302598.695151972	4123743.402494371	0.0
302599.0292576792	4123743.392416959	0.0
302599.3595886843	4123743.3916801345	0.0
302599.753763683	4123743.3944379217	0.0
302600.1374190663	4123743.4091003914	0.0
302600.5674973416	4123743.4161949167	0.0
302600.93238350603	4123743.4190864163	0.0
302601.2946299807	4123743.4229651857	0.0
302601.65664597385	4123743.429624934	0.0
302602.0794052939	4123743.4337460366	0.0
302602.44034713996	4123743.438765754	0.0
302602.8054507392	4123743.4446127987	0.0
302603.1866055712	4123743.4535980867	0.0
302603.5783235164	4123743.465110534	0.0
302603.96531437756	4123743.4895016546	0.0
302604.3465431448	4123743.5142133315	0.0
302604.73109000677	4123743.547913768	0.0
302605.11819828034	4123743.583589387	0.0
302605.5110816899	4123743.62579052	0.0
302605.842391151	4123743.654081619	0.0
302606.2470335665	4123743.6867544553	0.0
302606.65845568187	4123743.7309251623	0.0
302607.0089474652	4123743.7633911287	0.0
302607.42590552976	4123743.810207234	0.0
302607.8445900396	4123743.8675298234	0.0
302608.18947627814	4123743.9258476794	0.0
302608.6093045	4123744.0003517745	0.0
302609.0162691147	4123744.06886715	0.0
302609.4306265956	4123744.130917472	0.0
302609.77126408054	4123744.1910006274	0.0
302610.18228605203	4123744.2621961916	0.0
302610.5856194311	4123744.339863803	0.0
302611.0509050705	4123744.4349483126	0.0
302611.44632370456	4123744.5220538867	0.0
302611.84388191777	4123744.5994872875	0.0
302612.2406834391	4123744.6824895837	0.0
302612.56686563033	4123744.7506842823	0.0
302612.9641585459	4123744.829419226	0.0
302613.3611383353	4123744.920003864	0.0
302613.7541955415	4123745.0199325676	0.0
302614.14518273494	4123745.119909964	0.0
302614.54054475843	4123745.2109027687	0.0
302615.00914401247	4123745.3462474532	0.0
302615.40909392585	4123745.468773598	0.0
302615.7992634878	4123745.5968957893	0.0
302616.20551036263	4123745.7166833933	0.0
302616.55023550766	4123745.818488867	0.0
302616.9580479051	4123745.941940418	0.0
302617.3002551064	4123746.0436200923	0.0
302617.78132209415	4123746.205872069	0.0
302618.1969360814	4123746.3528248565	0.0
302618.6081230219	4123746.506543062	0.0
302619.0749521287	4123746.692444454	0.0
302619.4760934078	4123746.865642673	0.0
302619.8701679533	4123747.040302331	0.0
302620.26212030253	4123747.2065002434	0.0
302620.6492281386	4123747.3680011495	0.0
302621.0437418659	4123747.5361742675	0.0
302621.44269999256	4123747.70461297	0.0
302621.76875576336	4123747.8429396823	0.0
302622.1539935557	4123748.0192875145	0.0
302622.4651635206	4123748.1725821286	0.0
302622.84166466026	4123748.342289085	0.0
302623.14885115554	4123748.4897562317	0.0
302623.51657649	4123748.6637403625	0.0
302623.88095325016	4123748.852606136	0.0
302624.1894573682	4123749.0057784575	0.0
302624.56689773645	4123749.1902662916	0.0
302624.8726968798	4123749.3605255643	0.0
302625.24076129217	4123749.5615170687	0.0
302625.5465777876	4123749.738807329	0.0
302625.9072449173	4123749.958661445	0.0
302626.26099751645	4123750.180158447	0.0
302626.66664362315	4123750.4254151583	0.0
302627.0218617361	4123750.6337401657	0.0
302627.42160218913	4123750.885797072	0.0
302627.8183985314	4123751.132187101	0.0
302628.1588569433	4123751.341969416	0.0
302628.5048730242	4123751.5553217884	0.0
302628.8006350637	4123751.7391397962	0.0
302629.15776212537	4123751.9657385796	0.0
302629.52973576926	4123752.1945787966	0.0
302629.7819929782	4123752.3590657865	0.0
302630.03252805164	4123752.5321049374	0.0
302630.34199283033	4123752.7513127783	0.0
302630.6976672307	4123753.0168033633	0.0
302631.0441700928	4123753.288615804	0.0
302631.3242547043	4123753.510364847	0.0
302631.63997713896	4123753.775499593	0.0
302631.9498635807	4123754.0252285367	0.0
302632.2100005034	4123754.229128049	0.0
302632.51668626367	4123754.4685702445	0.0
302632.81718374405	4123754.709083132	0.0
302633.067196761	4123754.9102601307	0.0
302633.4176785509	4123755.187715224	0.0
302633.7207808646	4123755.432052652	0.0
302634.07921642804	4123755.720607963	0.0
302634.43085919926	4123756.0222755293	0.0
302634.73299163976	4123756.281993793	0.0
302635.03136668354	4123756.5643748185	0.0
302635.2797182484	4123756.80814925	0.0
302635.5408638242	4123757.0423710668	0.0
302635.8602823501	4123757.3325839657	0.0
302636.19270355266	4123757.6347035384	0.0
302636.4723398273	4123757.900316839	0.0
302636.7002523298	4123758.111635442	0.0
302636.92489891936	4123758.3224757323	0.0
302637.3433377255	4123758.7532083998	0.0
302637.6073054159	4123759.019375168	0.0
302637.8074902457	4123759.2468887637	0.0
302638.1147059526	4123759.5655141408	0.0
302638.40494852513	4123759.879542623	0.0
302638.6762827509	4123760.194755829	0.0
302638.9291348343	4123760.504112362	0.0
302639.18367863575	4123760.7910397574	0.0
302639.39209550887	4123761.0289068953	0.0
302639.63772004086	4123761.307717384	0.0
302639.8722335554	4123761.5795727083	0.0
302640.13817961764	4123761.8858458693	0.0
302640.3609167725	4123762.141324839	0.0
302640.6143384719	4123762.4371603862	0.0
302640.8446597695	4123762.700602639	0.0
302641.0401695246	4123762.9306316916	0.0
302641.286450599	4123763.2122023273	0.0
302641.5358627	4123763.5073920265	0.0
302641.74253122206	4123763.7527017663	0.0
302641.9857072072	4123764.046927882	0.0
302642.20943126176	4123764.3443868877	0.0
302642.4251406073	4123764.6344478554	0.0
302642.6331135641	4123764.9163640956	0.0
302642.8433217327	4123765.2052591597	0.0
302643.09421215084	4123765.5381615097	0.0
302643.27842370234	4123765.784739419	0.0
302643.50505695725	4123766.086385887	0.0
302643.6881464538	4123766.3481631465	0.0
302643.9473340268	4123766.72564918	0.0
302644.1599946597	4123767.049643474	0.0
302644.3766430937	4123767.3670677487	0.0
302644.59965368616	4123767.6908187116	0.0
302644.79097958026	4123767.9631344406	0.0
302644.89720983856	4123768.288410074	0.0
302645.2381139278	4123768.620232094	0.0
302645.5100778386	4123769.025173199	0.0
302645.71151874634	4123769.3187153195	0.0
302645.97963396006	4123769.729853117	0.0
302646.2587732016	4123770.1379561923	0.0
302646.480370201	4123770.489680883	0.0
302646.7288073236	4123770.9007262443	0.0
302646.9659464498	4123771.3031555023	0.0
302647.1396380301	4123771.586803006	0.0
302647.40090805304	4123772.0339987827	0.0
302647.62474871724	4123772.43081956	0.0
302647.7838110886	4123772.7214723197	0.0
302647.9898916852	4123773.073931919	0.0
302648.195372113	4123773.4323267913	0.0
302648.30081939703	4123773.794933432	0.0
302648.5374886434	4123774.033607271	0.0
302648.7638600559	4123774.45627363	0.0
302648.92018261325	4123774.756242626	0.0
302649.1049543333	4123775.108463092	0.0
302649.28307685687	4123775.4547336968	0.0
302649.4674786994	4123775.854147074	0.0
302649.6328028925	4123776.1972028967	0.0
302649.77130436304	4123776.4816777855	0.0
302649.93016631063	4123776.8267359054	0.0
302650.0585960472	4123777.1232899018	0.0
302650.2095562308	4123777.4909231695	0.0
302650.35965097137	4123777.865793195	0.0
302650.54852744297	4123778.291931624	0.0
302650.72433159815	4123778.722078118	0.0
302650.87956653116	4123779.0890557845	0.0
302650.9592083511	4123779.390194904	0.0
302651.1580126802	4123779.7445685645	0.0
302651.29721388756	4123780.0965652023	0.0
302651.43615852646	4123780.4439419718	0.0
302651.5537903301	4123780.727982358	0.0
302651.6878644328	4123781.063261256	0.0
302651.81656788476	4123781.3903397964	0.0
302651.9641401806	4123781.7774815303	0.0
302652.10013633047	4123782.1252976996	0.0
302652.2385068179	4123782.4860105766	0.0
302652.40677878924	4123782.9229954793	0.0
302652.62984839047	4123783.500984841	0.0
302652.7819562906	4123783.898567011	0.0
302652.92292274995	4123784.294190688	0.0
302653.0451245012	4123784.678228185	0.0
302653.1604074383	4123785.0574323707	0.0
302653.2699935817	4123785.427148614	0.0
302653.3513350723	4123785.728140357	0.0
302653.4600515411	4123786.0797435106	0.0
302653.56020976877	4123786.41970556	0.0
302653.67641021253	4123786.8064746615	0.0
302653.7713108923	4123787.130462177	0.0
302653.8682902529	4123787.4547708966	0.0
302653.97759364394	4123787.83134013	0.0
302654.0756297278	4123788.156549188	0.0
302654.175135584	4123788.5002273023	0.0
302654.29182725376	4123788.9141851678	0.0
302654.39428147173	4123789.2700063507	0.0
302654.4983403054	4123789.6374470843	0.0
302654.6102920221	4123790.0133989514	0.0
302654.7186081569	4123790.3983180276	0.0
302654.82584583515	4123790.7751208697	0.0
302654.9273693064	4123791.147987261	0.0
302655.0147989036	4123791.4499461013	0.0
302655.11437420035	4123791.8091656244	0.0
302655.17969082296	4123792.172129016	0.0
302655.32798393595	4123792.5951729873	0.0
302655.444540572	4123793.0348540586	0.0
302655.5479773412	4123793.4261790826	0.0
302655.66955657763	4123793.897013177	0.0
302655.77340205363	4123794.2994307615	0.0
302655.8531689897	4123794.634136111	0.0
302655.954174711	4123795.041616436	0.0
302656.0539584432	4123795.4474601643	0.0
302656.151215593	4123795.84651696	0.0
302656.23876203457	4123796.24783745	0.0
302656.33044844976	4123796.649060611	0.0
302656.43479765166	4123797.186172643	0.0
302656.50308794464	4123797.5864655594	0.0
302656.5663688512	4123797.918412888	0.0
302656.6441480359	4123798.3195929374	0.0
302656.7194136536	4123798.7208320834	0.0
302656.79204831674	4123799.1171371057	0.0
302656.8260021176	4123799.449963216	0.0
302656.9130607939	4123799.8470350844	0.0
302656.9695181913	4123800.247421159	0.0
302657.01749124634	4123800.6456012297	0.0
302657.06005048286	4123800.977110545	0.0
302657.1157555449	4123801.3769592	0.0
302657.1697428464	4123801.779253708	0.0
302657.2225299369	4123802.17454506	0.0
302657.2748517128	4123802.5689221714	0.0
302657.33784926374	4123803.0272558266	0.0
302657.38814455643	4123803.4172397163	0.0
302657.4377049074	4123803.80742592	0.0
302657.48044244375	4123804.1339350715	0.0
302657.53566449194	4123804.588750807	0.0
302657.58079787483	4123804.9731199336	0.0
302657.62723587384	4123805.3563481723	0.0
302657.677026486	4123805.7877920154	0.0
302657.7181026159	4123806.1506073033	0.0
302657.75826986745	4123806.51251878	0.0
302657.797984885	4123806.867779589	0.0
302657.84002618433	4123807.2779414305	0.0
302657.8800804185	4123807.6287533976	0.0
302657.9175645107	4123807.9898027745	0.0
302657.95437881903	4123808.366410931	0.0
302657.99144561484	4123808.6908329697	0.0
302658.0228459813	4123809.0259352853	0.0
302658.06548297644	4123809.4488506145	0.0
302658.1066544208	4123809.8786467346	0.0
302658.1541097994	4123810.2988582794	0.0
302658.19827330287	4123810.698608209	0.0
302658.233439696	4123811.0240001073	0.0
302658.2776945923	4123811.408759963	0.0
302658.3143045062	4123811.7829674566	0.0
302658.3592766889	4123812.2171150916	0.0
302658.38010609965	4123812.5851502456	0.0
302658.440019813	4123812.9583218377	0.0
302658.4782343664	4123813.3378576543	0.0
302658.51102203375	4123813.6564591434	0.0
302658.55743760057	4123814.1645872877	0.0
302658.59507373464	4123814.550983039	0.0
302658.6224950347	4123814.8804427837	0.0
302658.6566130201	4123815.274507729	0.0
302658.691009387	4123815.65524353	0.0
302658.7177393247	4123815.967881243	0.0
302658.75017446175	4123816.3407065994	0.0
302658.7827748443	4123816.714268217	0.0
302658.8149099193	4123817.086915591	0.0
302658.8432876896	4123817.463352022	0.0
302658.8794495957	4123817.849967471	0.0
302658.91482829524	4123818.3228281615	0.0
302658.9406491882	4123818.6660182048	0.0
302658.9674395056	4123819.0756134205	0.0
302658.99521299277	4123819.413761585	0.0
302659.0285217012	4123819.88667094	0.0
302659.0581169674	4123820.28972395	0.0
302659.08817328454	4123820.6746325814	0.0
302659.11167614383	4123821.051368659	0.0
302659.1418579705	4123821.5548824854	0.0
302659.1641779454	4123821.9379376005	0.0
302659.180766699	4123822.247113013	0.0
302659.2052654486	4123822.6158691244	0.0
302659.2190793986	4123822.9895023378	0.0
302659.23977730394	4123823.3727806234	0.0
302659.25727486843	4123823.6954423063	0.0
302659.27564189106	4123824.073964453	0.0
302659.2969787258	4123824.522175394	0.0
302659.3119840954	4123824.9213155806	0.0
302659.33218613244	4123825.3275500056	0.0
302659.34768289427	4123825.7287140368	0.0
302659.3623707809	4123826.1332277358	0.0
302659.37786751206	4123826.5406829976	0.0
302659.38835487945	4123826.8797926684	0.0
302659.39697667543	4123827.215060439	0.0
302659.40699876694	4123827.546964639	0.0
302659.4170469501	4123827.879978443	0.0
302659.4267033888	4123828.284425397	0.0
302659.43971700664	4123828.6932342886	0.0
302659.43903260573	4123829.022799693	0.0
302659.43909580377	4123829.428212328	0.0
302659.43041376566	4123829.8329053805	0.0
302659.4268417845	4123830.1717904783	0.0
302659.42323467945	4123830.5783996177	0.0
302659.4193884133	4123830.9811286232	0.0
302659.4175077566	4123831.3856617785	0.0
302659.4121002662	4123831.797494258	0.0
302659.40639741346	4123832.140130174	0.0
302659.4009036283	4123832.5526391184	0.0
302659.3914511765	4123832.964262333	0.0
302659.38485249726	4123833.306549239	0.0
302659.37625809485	4123833.7188454415	0.0
302659.3630095979	4123834.057569237	0.0
302659.3504301687	4123834.661452781	0.0
302659.3387693378	4123835.0589994607	0.0
302659.3286783736	4123835.4603949925	0.0
302659.32190582686	4123835.788993316	0.0
302659.3131760023	4123836.191652103	0.0
302659.2999930241	4123836.612549119	0.0
302659.2902719086	4123836.973042977	0.0
302659.2798550554	4123837.322821096	0.0
302659.2767386724	4123837.8761523445	0.0
302659.27507547324	4123838.283640968	0.0
302659.2798356294	4123838.624550617	0.0
302659.2895924454	4123838.9640475404	0.0
302659.2912559906	4123839.374603568	0.0
302659.2946632755	4123839.802697032	0.0
302659.30835114664	4123840.1772584007	0.0
302659.3216783954	4123840.4861404253	0.0
302659.3225204863	4123840.8051228905	0.0
302659.33460827696	4123841.130502269	0.0
302659.34833947406	4123841.5383691196	0.0
302659.34530614986	4123842.0071369126	0.0
302659.3528713457	4123842.3226306676	0.0
302659.3590580146	4123842.6361214356	0.0
302659.35999986506	4123843.0096872104	0.0
302659.363890167	4123843.376522368	0.0
302659.3686150947	4123843.810320975	0.0
302659.36771722033	4123844.231484285	0.0
302659.3685504438	4123844.587844255	0.0
302659.3670610901	4123845.0216039275	0.0
302659.37563929986	4123845.3864785107	0.0
302659.38744391233	4123845.819370533	0.0
302659.39390000293	4123846.175783347	0.0
302659.401147178	4123846.6098927315	0.0
302659.40369776066	4123847.045592824	0.0
302659.40917106706	4123847.397957949	0.0
302659.41793167824	4123847.814638358	0.0
302659.422765465	4123848.2216041745	0.0
302659.43123945553	4123848.5568754305	0.0
302659.4360909997	4123848.8890862386	0.0
302659.4425251752	4123849.282321756	0.0
302659.4545300082	4123849.6796821384	0.0
302659.4674347459	4123850.1341975257	0.0
302659.47016824724	4123850.514752555	0.0
302659.4765462978	4123850.8237979603	0.0
302659.4796451082	4123851.201013752	0.0
302659.48335300485	4123851.5223343163	0.0
302659.4825727328	4123851.910743473	0.0
302659.48619766114	4123852.304045039	0.0
302659.48696119385	4123852.688902215	0.0
302659.4885338682	4123853.013788665	0.0
302659.4881887714	4123853.3389052395	0.0
302659.49019599054	4123853.73261491	0.0
302659.4911859754	4123854.0515939053	0.0
302659.4842914636	4123854.4379263776	0.0
302659.4824675184	4123854.8259899993	0.0
302659.47990831756	4123855.2834594543	0.0
302659.4781322021	4123855.6735573513	0.0
302659.47002037195	4123855.9955258723	0.0
302659.46779667196	4123856.316245748	0.0
302659.46633399173	4123856.637872913	0.0
302659.4573695172	4123857.0242540506	0.0
302659.45296248025	4123857.409417825	0.0
302659.44584621646	4123857.7926098993	0.0
302659.44861887954	4123858.174829338	0.0
302659.4483955992	4123858.492541607	0.0
302659.44725014106	4123858.8654163186	0.0
302659.44344417343	4123859.2294663456	0.0
302659.44197124196	4123859.704309163	0.0
302659.4411477332	4123860.0468303836	0.0
302659.4419199339	4123860.44463989	0.0
302659.4412706933	4123860.8313603136	0.0
302659.4427254179	4123861.164781537	0.0
302659.4410800291	4123861.5038063936	0.0
302659.4414569958	4123861.916783957	0.0
302659.4399759172	4123862.337790152	0.0
302659.4393433982	4123862.7576519824	0.0
302659.44153779023	4123863.121566445	0.0
302659.44124469766	4123863.4929408324	0.0
302659.4421086291	4123863.8065567487	0.0
302659.43834124785	4123864.1119549214	0.0
302659.4415445131	4123864.4810266765	0.0
302659.4403425577	4123864.8514972515	0.0
302659.4389016767	4123865.1677578613	0.0
302659.440887291	4123865.5416691825	0.0
302659.4366630458	4123865.9031440434	0.0
302659.43885313004	4123866.260582344	0.0
302659.4372987149	4123866.678985562	0.0
302659.43768407404	4123867.041462268	0.0
302659.43884323176	4123867.462022124	0.0
302659.4439730348	4123867.8186511677	0.0
302659.44357538235	4123868.235916975	0.0
302659.44317773165	4123868.6531827836	0.0
302659.4596790846	4123869.065610426	0.0
302659.47846815106	4123869.4117413512	0.0
302659.5631484345	4123869.7603939557	0.0
302659.67521728645	4123870.0899782656	0.0
302659.93900208175	4123870.393632923	0.0
302660.1576873183	4123870.665675717	0.0
302660.3955459489	4123870.9226498925	0.0
302660.6613232557	4123871.1464013467	0.0
302661.012199881	4123871.3716678065	0.0
302661.28214357956	4123871.5146455783	0.0
302661.6194656869	4123871.666771389	0.0
302661.90604324	4123871.774756363	0.0
302662.2001571435	4123871.8635054464	0.0
302662.5020639458	4123871.937638512	0.0
302662.8765588729	4123872.02227744	0.0
302663.2663742675	4123872.0915682777	0.0
302663.60110937175	4123872.1399497213	0.0
302664.00397951883	4123872.204492812	0.0
302664.4064800994	4123872.2533165384	0.0
302664.8739845754	4123872.336139006	0.0
302665.2784592997	4123872.4123017075	0.0
302665.6904574388	4123872.4498000466	0.0
302666.1128100492	4123872.4369101906	0.0
302666.4625355841	4123872.3803939233	0.0
302666.8706119766	4123872.2762468536	0.0
302667.26634266437	4123872.1377882888	0.0
302667.68097763986	4123871.897300493	0.0
302667.99324034946	4123871.6568139377	0.0
302668.26200770866	4123871.3910748083	0.0
302668.4827657731	4123871.1031497945	0.0
302668.70505924383	4123870.7609731113	0.0
302668.8393786843	4123870.458611989	0.0
302668.94702333224	4123870.154287466	0.0
302669.0360515648	4123869.800625885	0.0
302669.0835844502	4123869.4879076206	0.0
302669.0967631944	4123869.098281826	0.0
302669.06960369565	4123868.6855496485	0.0
302669.024175146	4123868.313769868	0.0
302668.99881588493	4123867.9209792702	0.0
302668.9709779375	4123867.5171447787	0.0
302668.92849329865	4123867.1699055936	0.0
302668.86751845543	4123866.753527518	0.0
302668.76641885145	4123866.2413188536	0.0
302668.73685387906	4123865.940220003	0.0
302668.705001548	4123865.62992312	0.0
302668.6901221766	4123865.311640741	0.0
302668.68822802056	4123864.985651645	0.0
302668.69174414955	4123864.5688676657	0.0
302668.70427471073	4123864.2208902347	0.0
302668.70822531596	4123863.8729294743	0.0
302668.71118876035	4123863.5270273187	0.0
302668.70228892873	4123863.192506223	0.0
302668.7154852248	4123862.778455252	0.0
302668.7239670004	4123862.4596236744	0.0
302668.73738886893	4123862.1432664646	0.0
302668.75249406847	4123861.7600716483	0.0
302668.76300713245	4123861.36403226	0.0
302668.7914282327	4123860.943147105	0.0
302668.81896611425	4123860.5979624833	0.0
302668.86301163246	4123860.250169351	0.0
302668.9059134377	4123859.904068431	0.0
302668.9344205928	4123859.29841424	0.0
302669.0210336532	4123858.854242741	0.0
302669.08110092493	4123858.306974105	0.0
302669.1405943263	4123857.735294196	0.0
302669.18279196543	4123857.3403603025	0.0
302669.24365097616	4123856.7512548966	0.0
302669.2998568439	4123856.1718807626	0.0
302669.34528603323	4123855.70045099	0.0
302669.3907673253	4123855.243822884	0.0
302669.42959891877	4123854.881904552	0.0
302669.46386434935	4123854.527124942	0.0
302669.4944947878	4123854.0869441046	0.0
302669.5275729609	4123853.7445898238	0.0
302669.5307017247	4123853.399423933	0.0
302669.54934223654	4123853.0596295004	0.0
302669.57179704984	4123852.636664186	0.0
302669.60131898697	4123852.1304515223	0.0
302669.61143606174	4123851.793077899	0.0
302669.61721315695	4123851.4535858715	0.0
302669.6119749963	4123851.117498414	0.0
302669.6082419335	4123850.7069910606	0.0
302669.6181675679	4123850.386645261	0.0
302669.61679089733	4123850.076372079	0.0
302669.6144796845	4123849.694881966	0.0
302669.6182170149	4123849.3944805106	0.0
302669.61658024724	4123848.947286729	0.0
302669.617613047	4123848.5884774434	0.0
302669.6167458044	4123848.1740169614	0.0
302669.6171657883	4123847.7576758564	0.0
302669.6171856072	4123847.355776975	0.0
302669.61133479455	4123846.936992784	0.0
302669.60968468984	4123846.5395740294	0.0
302669.60441187746	4123846.183133417	0.0
302669.6065925626	4123845.8542729984	0.0
302669.59941490565	4123845.517490994	0.0
302669.59202871856	4123845.14666725	0.0
302669.5901000319	4123844.7940337798	0.0
302669.5826179341	4123844.463180089	0.0
302669.5759666401	4123844.09844526	0.0
302669.5692280916	4123843.78034158	0.0
302669.5611726108	4123843.3432906484	0.0
302669.54919824935	4123843.02271955	0.0
302669.5444431507	4123842.631665019	0.0
302669.53099953954	4123842.2108388953	0.0
302669.5270014966	4123841.7575944364	0.0
302669.51341388084	4123841.4187426916	0.0
302669.5047060407	4123840.991699046	0.0
302669.4885016468	4123840.4660223564	0.0
302669.47965945525	4123839.9640422487	0.0
302669.4736341848	4123839.6322291307	0.0
302669.4657351105	4123839.220709505	0.0
302669.4622542834	4123838.8146370947	0.0
302669.47752543585	4123838.344101359	0.0
302669.48218087025	4123837.9631876214	0.0
302669.4864661859	4123837.6609229282	0.0
302669.4872125081	4123837.220704502	0.0
302669.4962125936	4123836.7917642775	0.0
302669.5071521604	4123836.3698098306	0.0
302669.51186427835	4123835.9661353235	0.0
302669.5211595435	4123835.625265345	0.0
302669.5325426054	4123835.2158829286	0.0
302669.53839852836	4123834.7979337513	0.0
302669.54271898745	4123834.4405274745	0.0
302669.55126244196	4123834.0173341073	0.0
302669.5597884706	4123833.599692235	0.0
302669.56198666757	4123833.258989101	0.0
302669.5584141401	4123832.918236593	0.0
302669.55255029444	4123832.5051888376	0.0
302669.5545358157	4123832.098802889	0.0
302669.54833748506	4123831.627476626	0.0
302669.53680291027	4123831.218632977	0.0
302669.5355052138	4123830.8047377337	0.0
302669.5281328502	4123830.3149354616	0.0
302669.52911393833	4123829.8909946987	0.0
302669.52161604655	4123829.3077521487	0.0
302669.5173561869	4123829.0069835996	0.0
302669.51321034186	4123828.553742626	0.0
302669.50888092304	4123828.2500151345	0.0
302669.5025206492	4123827.94800071	0.0
302669.4958438268	4123827.5003703195	0.0
302669.4962292729	4123827.0573848416	0.0
302669.4951360042	4123826.639599038	0.0
302669.49868231965	4123826.29960436	0.0
302669.5081345319	4123825.902479724	0.0
302669.5088110365	4123825.50963219	0.0
302669.51407507074	4123825.173482887	0.0
302669.517461005	4123824.7511509187	0.0
302669.52344622265	4123824.3706001057	0.0
302669.5299418388	4123824.0486455294	0.0
302669.5220124673	4123823.6232489175	0.0
302669.5095425614	4123823.275304138	0.0
302669.5021656053	4123822.8293555337	0.0
302669.50112911186	4123822.3762265034	0.0
302669.4962303762	4123822.016816534	0.0
302669.4958412745	4123821.6541549354	0.0
302669.4895509314	4123821.2984784036	0.0
302669.48547025246	4123820.8605938973	0.0
302669.4824794587	4123820.509317544	0.0
302669.4805039835	4123820.1773723518	0.0
302669.46943478484	4123819.7631517216	0.0
302669.46845889033	4123819.356650364	0.0
302669.46276899124	4123818.950999972	0.0
302669.4592354732	4123818.6370767895	0.0
302669.45877646375	4123818.3280773023	0.0
302669.4509028685	4123818.0246181716	0.0
302669.4465869969	4123817.645950747	0.0
302669.4367443286	4123817.2020955095	0.0
302669.4472579019	4123816.7683087834	0.0
302669.4682030579	4123816.3461812683	0.0
302669.4844316572	4123815.92681591	0.0
302669.4970847502	4123815.502230692	0.0
302669.51198185305	4123815.066120484	0.0
302669.5204295263	4123814.676605953	0.0
302669.5254282877	4123814.3480493748	0.0
302669.53583259456	4123814.004007725	0.0
302669.5428797278	4123813.6556041315	0.0
302669.5553807928	4123813.205672546	0.0
302669.56288019265	4123812.857628392	0.0
302669.55685077223	4123812.5067566694	0.0
302669.54924271774	4123812.1642486826	0.0
302669.5533674337	4123811.829976534	0.0
302669.55440991564	4123811.339421348	0.0
302669.5536553012	4123811.01784636	0.0
302669.555018496	4123810.6982569858	0.0
302669.5517024214	4123810.3872892703	0.0
302669.55479198974	4123810.0782063673	0.0
302669.55446919834	4123809.554746855	0.0
302669.55228461395	4123809.1157075693	0.0
302669.5525048233	4123808.6845683004	0.0
302669.55065016943	4123808.335078724	0.0
302669.55014832865	4123807.929861484	0.0
302669.54649798793	4123807.5291591277	0.0
302669.54137729714	4123807.204356133	0.0
302669.5433018636	4123806.8268372645	0.0
302669.53861198295	4123806.457430446	0.0
302669.53699230764	4123806.086471162	0.0
302669.53206327534	4123805.7131842063	0.0
302669.52419881494	4123805.347182668	0.0
302669.5208051115	4123804.938517726	0.0
302669.51163192664	4123804.535724772	0.0
302669.50544158777	4123804.190592954	0.0
302669.49806835986	4123803.851780173	0.0
302669.4915173845	4123803.459842704	0.0
302669.49714674137	4123803.1329366327	0.0
302669.5095557978	4123802.798654774	0.0
302669.5138460402	4123802.4273715233	0.0
302669.51728807215	4123802.089229673	0.0
302669.528588925	4123801.6448773933	0.0
302669.52169389103	4123801.3326985682	0.0
302669.52281406743	4123800.939840619	0.0
302669.52906960156	4123800.620691345	0.0
302669.530306673	4123800.308321347	0.0
302669.5367578459	4123799.9974940983	0.0
302669.5434820115	4123799.6873613982	0.0
302669.54818635376	4123799.3194382424	0.0
302669.55912182864	4123798.89100766	0.0
302669.56304719124	4123798.460151369	0.0
302669.58162814577	4123797.9667784227	0.0
302669.5846671957	4123797.41011843	0.0
302669.59519372985	4123797.0083426577	0.0
302669.5998577669	4123796.671837408	0.0
302669.60606603464	4123796.268867901	0.0
302669.6132005298	4123795.8738331716	0.0
302669.6111766632	4123795.473092587	0.0
302669.6280175651	4123795.069318016	0.0
302669.6373873051	4123794.674970884	0.0
302669.6390556741	4123794.248793558	0.0
302669.643789405	4123793.896373567	0.0
302669.64810619515	4123793.463287646	0.0
302669.65681077936	4123793.0406456315	0.0
302669.65444309666	4123792.6819163226	0.0
302669.66519543726	4123792.333795713	0.0
302669.6689597288	4123791.9338442385	0.0
302669.6743726399	4123791.465575695	0.0
302669.6790589398	4123791.0545003824	0.0
302669.6781435394	4123790.7260828516	0.0
302669.68666111294	4123790.308071139	0.0
302669.6861503653	4123789.9465226363	0.0
302669.68151275814	4123789.5730438046	0.0
302669.6864815697	4123789.186571652	0.0
302669.6817827253	4123788.867124796	0.0
302669.67663592193	4123788.5537946625	0.0
302669.684383582	4123788.1659619305	0.0
302669.69014765695	4123787.863662503	0.0
302669.68454854924	4123787.5562641583	0.0
302669.68973516463	4123787.1161264214	0.0
302669.69688646926	4123786.8161998517	0.0
302669.7040469345	4123786.4474396417	0.0
302669.6969005872	4123786.0050013284	0.0
302669.6870535678	4123785.5798348626	0.0
302669.68327694916	4123785.2178080287	0.0
302669.704436742	4123784.7334412406	0.0
302669.6912455	4123784.317050086	0.0
302669.69638844684	4123783.906519153	0.0
302669.69398601766	4123783.5463103773	0.0
302669.69999876	4123783.128727626	0.0
302669.69499194005	4123782.695490823	0.0
302669.7089096805	4123782.2929551844	0.0
302669.71713690786	4123781.8628629716	0.0
302669.7109687642	4123781.462034785	0.0
302669.72777003684	4123781.1446730075	0.0
302669.6967662624	4123780.750904927	0.0
302669.6941422509	4123780.3623908428	0.0
302669.72213763755	4123779.9737120555	0.0
302669.7264189983	4123779.646097544	0.0
302669.74721305165	4123779.234273503	0.0
302669.7438105949	4123778.8504036223	0.0
302669.7360639873	4123778.4327742606	0.0
302669.7379236816	4123778.0210252623	0.0
302669.73292536323	4123777.6196144694	0.0
302669.7091276215	4123777.1988467583	0.0
302669.7381582848	4123776.7723962767	0.0
302669.74663246196	4123776.352535233	0.0
302669.7384249019	4123775.934176566	0.0
302669.7471639807	4123775.5696350844	0.0
302669.7539117456	4123775.1455587964	0.0
302669.7563011198	4123774.731032317	0.0
302669.75869711785	4123774.2478362788	0.0
302669.7625611456	4123773.902468119	0.0
302669.76101145975	4123773.4904291998	0.0
302669.76092725946	4123773.08409195	0.0
302669.7644085872	4123772.741323292	0.0
302669.7578872979	4123772.3439358613	0.0
302669.75532082585	4123771.945696754	0.0
302669.7532318039	4123771.548473402	0.0
302669.7547822162	4123771.2179625183	0.0
302669.7505062064	4123770.7591735655	0.0
302669.74943483947	4123770.3548949203	0.0
302669.7464804623	4123769.952325866	0.0
302669.7534712424	4123769.607809384	0.0
302669.7447598319	4123769.105086114	0.0
302669.74618443544	4123768.731464783	0.0
302669.74999175174	4123768.4151486224	0.0
302669.74744561076	4123768.092875632	0.0
302669.7418162971	4123767.759017846	0.0
302669.7496724052	4123767.426138296	0.0
302669.7500667105	4123767.002396409	0.0
302669.7458997079	4123766.504192212	0.0
302669.7497517237	4123766.0135710198	0.0
302669.75536872237	4123765.6106154346	0.0
302669.7555367963	4123765.2024218994	0.0
302669.755335771	4123764.715596707	0.0
302669.75631751923	4123764.241326164	0.0
302669.75709928485	4123763.7585486635	0.0
302669.76215143234	4123763.287513084	0.0
302669.7537528909	4123762.8232699665	0.0
302669.750885449	4123762.4306908217	0.0
302669.7593067044	4123762.1281439066	0.0
302669.7549079126	4123761.821457499	0.0
302669.75492740143	4123761.520218311	0.0
302669.76225428353	4123761.0012049144	0.0
302669.76015257026	4123760.5593881747	0.0
302669.7608378782	4123760.1920754556	0.0
302669.7621150571	4123759.7618365563	0.0
302669.75998225703	4123759.4130936926	0.0
302669.7598764228	4123758.999540555	0.0
302669.76037892676	4123758.6559167514	0.0
302669.7568153371	4123758.315534149	0.0
302669.75835710077	4123757.9846534026	0.0
302669.7497624635	4123757.581291769	0.0
302669.7474431265	4123757.167975702	0.0
302669.7489510409	4123756.703499709	0.0
302669.74682672526	4123756.386582853	0.0
302669.7376360933	4123756.0145063265	0.0
302669.7273842904	4123755.653926983	0.0
302669.7221856725	4123755.3006302933	0.0
302669.71662178275	4123754.94438161	0.0
302669.7083878118	4123754.581534399	0.0
302669.69847089786	4123754.216321282	0.0
302669.6946769927	4123753.853554731	0.0
302669.68524716864	4123753.4838892985	0.0
302669.67772258667	4123753.0442354423	0.0
302669.6661490329	4123752.646309885	0.0
302669.6593429751	4123752.067306975	0.0
302669.6454596474	4123751.753627131	0.0
302669.64194438595	4123751.346075301	0.0
302669.6334671868	4123750.9414156564	0.0
302669.62374129874	4123750.6220869957	0.0
302669.6178118347	4123750.3069249196	0.0
302669.60749500536	4123749.918406662	0.0
302669.5996954779	4123749.618091432	0.0
302669.5810816507	4123749.1724070376	0.0
302669.56435079896	4123748.7313042814	0.0
302669.5534772334	4123748.356861853	0.0
302669.5401036694	4123747.907538586	0.0
302669.5275596674	4123747.6067797826	0.0
302669.503062512	4123747.08703423	0.0
302669.49057170155	4123746.6437964025	0.0
302669.467013282	4123746.2080351594	0.0
302669.44251545856	4123745.782658021	0.0
302669.4222185063	4123745.3597726324	0.0
302669.40070826176	4123744.9356205147	0.0
302669.3815114775	4123744.5217760312	0.0
302669.3627012598	4123744.174720482	0.0
302669.34009949677	4123743.748188555	0.0
302669.3246809893	4123743.444721787	0.0
302669.31253273855	4123743.141918286	0.0
302669.2838168279	4123742.6881447523	0.0
302669.26579340396	4123742.3871446904	0.0
302669.2485267008	4123742.080575757	0.0
302669.2260110361	4123741.7772758296	0.0
302669.19619477715	4123741.339626302	0.0
302669.1685310328	4123740.918024311	0.0
302669.1401149137	4123740.5021761255	0.0
302669.09974886687	4123740.0248068124	0.0
302669.07492914505	4123739.6109094815	0.0
302669.03877226217	4123739.1930228346	0.0
302669.0091647616	4123738.7516676798	0.0
302668.98701436294	4123738.4513197434	0.0
302668.9477482999	4123738.0081562465	0.0
302668.9116698461	4123737.568433501	0.0
302668.86587187205	4123737.136895792	0.0
302668.8380075963	4123736.782281575	0.0
302668.8083999087	4123736.366091331	0.0
302668.77442170493	4123735.952779372	0.0
302668.746096374	4123735.6100183013	0.0
302668.7092044904	4123735.1986251967	0.0
302668.66767689784	4123734.7788294097	0.0
302668.6282366947	4123734.359724698	0.0
302668.5929708823	4123733.9986231793	0.0
302668.5486776375	4123733.555577865	0.0
302668.50449746987	4123733.1110496027	0.0
302668.4536153504	4123732.74013821	0.0
302668.4006502692	4123732.3561382247	0.0
302668.37194203516	4123732.0411415673	0.0
302668.3286828919	4123731.72389647	0.0
302668.29602167103	4123731.4043668387	0.0
302668.2372647596	4123730.9187331703	0.0
302668.1865654832	4123730.5178416385	0.0
302668.1453806829	4123730.2007328155	0.0
302668.1061266796	4123729.8902399	0.0
302668.0586801305	4123729.508145581	0.0
302668.0096810049	4123729.1355246003	0.0
302667.9661129049	4123728.6950565088	0.0
302667.88926587475	4123728.2548081097	0.0
302667.84003623406	4123727.8849680913	0.0
302667.7771693943	4123727.444764878	0.0
302667.7130023063	4123726.9995962596	0.0
302667.65873245226	4123726.629319619	0.0
302667.5966397094	4123726.184287272	0.0
302667.5324986486	4123725.746519485	0.0
302667.4617300696	4123725.3100177157	0.0
302667.40865171165	4123724.946374364	0.0
302667.33282153506	4123724.458181485	0.0
302667.2631486305	4123724.0494093695	0.0
302667.197619554	4123723.716219592	0.0
302667.1255460025	4123723.324897301	0.0
302667.0472845996	4123722.871733395	0.0
302666.96172603464	4123722.410229373	0.0
302666.88926984614	4123722.0089241313	0.0
302666.81289544294	4123721.60456539	0.0
302666.7540981937	4123721.274548009	0.0
302666.6804025683	4123720.8771576635	0.0
302666.6021842075	4123720.4824641454	0.0
302666.52871898457	4123720.0948752966	0.0
302666.4707652163	4123719.7881526365	0.0
302666.4002787041	4123719.426583848	0.0
302666.32223839243	4123719.0646375297	0.0
302666.22687740845	4123718.6392609477	0.0
302666.1262410043	4123718.266373589	0.0
302666.03716793994	4123717.894509649	0.0
302665.94671627984	4123717.526933949	0.0
302665.8531596004	4123717.159431241	0.0
302665.7618903398	4123716.7948353393	0.0
302665.6704340016	4123716.441160965	0.0
302665.56631000387	4123716.0457811975	0.0
302665.46754766046	4123715.702270524	0.0
302665.39009389427	4123715.409328875	0.0
302665.2978938501	4123715.0617781756	0.0
302665.188616576	4123714.661153512	0.0
302665.088623564	4123714.3093451476	0.0
302665.0083561698	4123714.0099933837	0.0
302664.9133856662	4123713.7019205005	0.0
302664.80106403655	4123713.3291228167	0.0
302664.68387616985	4123712.9507034137	0.0
302664.5828522496	4123712.6305604586	0.0
302664.4609112593	4123712.238745163	0.0
302664.34425397817	4123711.851431559	0.0
302664.20559666376	4123711.4093093593	0.0
302664.0932445056	4123711.041508373	0.0
302663.98059214716	4123710.692403091	0.0
302663.8700923957	4123710.346762888	0.0
302663.7461292022	4123709.95073931	0.0
302663.6406782582	4123709.618488054	0.0
302663.5300479705	4123709.2798822955	0.0
302663.4356817204	4123708.9912240054	0.0
302663.30328205694	4123708.569863783	0.0
302663.17142561066	4123708.2030764325	0.0
302663.01347286254	4123707.739388562	0.0
302662.8708840015	4123707.3188229864	0.0
302662.74478955317	4123706.964297601	0.0
302662.6456352373	4123706.6796376347	0.0
302662.52502891247	4123706.3257233785	0.0
302662.37429907516	4123705.911270347	0.0
302662.22742645326	4123705.516155427	0.0
302662.1041584015	4123705.2000511046	0.0
302661.97842018877	4123704.8921464426	0.0
302661.83158210677	4123704.5299671357	0.0
302661.6911236079	4123704.1748542623	0.0
302661.5788577215	4123703.8862467115	0.0
302661.4429957248	4123703.55045457	0.0
302661.3047983785	4123703.2223038096	0.0
302661.17166732997	4123702.8956992747	0.0
302661.0522954438	4123702.6194711635	0.0
302660.9098493537	4123702.2867943887	0.0
302660.7668596435	4123701.956165794	0.0
302660.643760846	4123701.6787300496	0.0
302660.5087857278	4123701.3743732017	0.0
302660.3820383239	4123701.0927674044	0.0
302660.2606224634	4123700.81769757	0.0
302660.12938282033	4123700.5275006876	0.0
302659.9890064774	4123700.2262314	0.0
302659.83801935625	4123699.8889444927	0.0
302659.68607978185	4123699.5614868905	0.0
302659.55103499966	4123699.2604623423	0.0
302659.3954033738	4123698.9206941216	0.0
302659.2239727273	4123698.5696400506	0.0
302659.0667972836	4123698.227132589	0.0
302658.9292213616	4123697.944301087	0.0
302658.7685581644	4123697.6044661277	0.0
302658.6314388814	4123697.315887778	0.0
302658.4929800502	4123697.0458445274	0.0
302658.3475677626	4123696.738032353	0.0
302658.1543716325	4123696.354738599	0.0
302658.0112032044	4123696.0605663476	0.0
302657.8132713116	4123695.664616444	0.0
302657.60322379594	4123695.256738991	0.0
302657.45667202026	4123694.9570952053	0.0
302657.2751216449	4123694.603503529	0.0
302657.0674528173	4123694.2024164996	0.0
302656.8787792047	4123693.835299624	0.0
302656.6958893255	4123693.487660603	0.0
302656.5451756434	4123693.1997719435	0.0
302656.3930876742	4123692.922647689	0.0
302656.21081508684	4123692.607560515	0.0
302655.99892779876	4123692.2158244825	0.0
302655.83224537375	4123691.9283112483	0.0
302655.68667613197	4123691.6578800892	0.0
302655.53717992187	4123691.3903167904	0.0
302655.37298493227	4123691.107926096	0.0
302655.2083159643	4123690.8179600677	0.0
302655.0422596639	4123690.538203642	0.0
302654.8771078936	4123690.2591660973	0.0
302654.708098787	4123689.9733729046	0.0
302654.4979680213	4123689.6248940504	0.0
302654.27752635657	4123689.265740476	0.0
302654.0653255393	4123688.9173102975	0.0
302653.8485063139	4123688.5675084093	0.0
302653.6035246296	4123688.177660678	0.0
302653.3953940871	4123687.8513391516	0.0
302653.2275154039	4123687.5947551066	0.0
302653.0413111779	4123687.3012246042	0.0
302652.8611212007	4123687.0243909946	0.0
302652.6853712799	4123686.7539292676	0.0
302652.48561628605	4123686.450355328	0.0
302652.29049699	4123686.1614752957	0.0
302652.0917552387	4123685.856952362	0.0
302651.86805158807	4123685.5352528165	0.0
302651.6290012508	4123685.18375319	0.0
302651.4346863724	4123684.90392103	0.0
302651.2347528611	4123684.624220966	0.0
302651.05035306694	4123684.3633994646	0.0
302650.8527504841	4123684.0821643206	0.0
302650.6722732152	4123683.8308724826	0.0
302650.4433204653	4123683.5124419876	0.0
302650.2173117937	4123683.1996784015	0.0
302650.0040666926	4123682.9012326007	0.0
302649.82028427965	4123682.654089277	0.0
302649.49016648415	4123682.2109173983	0.0
302649.2652753283	4123681.9079344734	0.0
302649.10105785565	4123681.5790170063	0.0
302648.92579456465	4123681.2887841007	0.0
302648.61207576835	4123681.050290979	0.0
302648.42868464475	4123680.8072092747	0.0
302648.2104382224	4123680.528864991	0.0
302647.99844529014	4123680.258515278	0.0
302647.74794413056	4123679.942256775	0.0
302647.5037182289	4123679.628626288	0.0
302647.26254507166	4123679.3315772843	0.0
302647.06640757085	4123679.0937912506	0.0
302646.83823279646	4123678.814755234	0.0
302646.54358730745	4123678.4519803342	0.0
302646.36009159544	4123678.104959582	0.0
302646.04108859366	4123677.8565058066	0.0
302645.8409153968	4123677.61067309	0.0
302645.6436905988	4123677.376983441	0.0
302645.4140762802	4123677.0996466274	0.0
302645.13049823605	4123676.7545600687	0.0
302644.89611324616	4123676.48196133	0.0
302644.64394616603	4123676.189241655	0.0
302644.3777847955	4123675.873906527	0.0
302644.106817984	4123675.561829998	0.0
302643.8915935316	4123675.317646439	0.0
302643.60142688866	4123674.988072822	0.0
302643.39646981494	4123674.7590058744	0.0
302643.1953831401	4123674.5309581547	0.0
302642.9253946432	4123674.235326869	0.0
302642.70536035387	4123673.994216996	0.0
302642.4987550457	4123673.7642636383	0.0
302642.28343041457	4123673.534700321	0.0
302641.9904542494	4123673.2240664866	0.0
302641.7184869546	4123672.932367518	0.0
302641.39559123025	4123672.595051794	0.0
302641.18382816284	4123672.3722511	0.0
302640.959371032	4123672.1380915865	0.0
302640.61490105814	4123671.7703820933	0.0
302640.39581029094	4123671.5379467853	0.0
302640.12070301536	4123671.25742385	0.0
302639.904530208	4123671.035837078	0.0
302639.6427475526	4123670.762032253	0.0
302639.3452571418	4123670.454465213	0.0
302639.05536835256	4123670.155601193	0.0
302638.7796695268	4123669.8813834297	0.0
302638.51338576316	4123669.617491374	0.0
302638.2927553699	4123669.3950842614	0.0
302638.0345299168	4123669.12156592	0.0
302637.81300802354	4123668.892703515	0.0
302637.5292856385	4123668.6107178815	0.0
302637.2341564454	4123668.3092015833	0.0
302636.88791180274	4123667.954116404	0.0
302636.6447720802	4123667.711884584	0.0
302636.3631805354	4123667.4261481636	0.0
302636.088633945	4123667.1568993647	0.0
302635.82693363726	4123666.8928996213	0.0
302635.57122590195	4123666.638380866	0.0
302635.30432873755	4123666.3798693703	0.0
302635.0787883985	4123666.15628252	0.0
302634.8098081851	4123665.884682449	0.0
302634.5543613001	4123665.6349685285	0.0
302634.3070031081	4123665.395796528	0.0
302634.0661637123	4123665.1633176045	0.0
302633.79633973644	4123664.8998789894	0.0
302633.5000881945	4123664.626144611	0.0
302633.2883942235	4123664.3546899124	0.0
302633.02974218555	4123664.177573602	0.0
302632.76050954015	4123663.9267035685	0.0
302632.4924467039	4123663.67525093	0.0
302632.1723637773	4123663.382093013	0.0
302631.7554640105	4123663.0044295257	0.0
302631.3455396638	4123662.6277122684	0.0
302631.0505099221	4123662.3681970197	0.0
302630.78284266905	4123662.1335734115	0.0
302630.5390067088	4123661.9183733887	0.0
302630.2714785916	4123661.6833764547	0.0
302630.0519131425	4123661.426980781	0.0
302629.7611668415	4123661.240186156	0.0
302629.5086854409	4123661.0222288547	0.0
302629.2128727925	4123660.7671729373	0.0
302628.88403542666	4123660.504381853	0.0
302628.5531628051	4123660.2431189236	0.0
302628.2417813889	4123659.999161188	0.0
302627.8481079879	4123659.6844191514	0.0
302627.60855969414	4123659.5005745306	0.0
302627.19045904506	4123659.1976940692	0.0
302626.8909627207	4123658.9810273107	0.0
302626.5331187692	4123658.7178081092	0.0
302626.3557971533	4123658.448639075	0.0
302625.9826541246	4123658.3160850187	0.0
302625.6697373758	4123658.094922911	0.0
302625.3354811412	4123657.853353481	0.0
302625.0673699209	4123657.650196617	0.0
302624.7149878565	4123657.417935128	0.0
302624.31361673435	4123657.140751531	0.0
302623.94935384265	4123656.862510397	0.0
302623.567526114	4123656.5985599845	0.0
302623.2601060766	4123656.390961387	0.0
302623.01947475824	4123656.1988157243	0.0
302622.62277841894	4123655.944281725	0.0
302622.2174019498	4123655.6540548336	0.0
302621.8441716585	4123655.39711875	0.0
302621.48791892454	4123655.1890030922	0.0
302621.23226674483	4123655.0186748514	0.0
302620.94631219644	4123654.8305555116	0.0
302620.68472389167	4123654.6594416825	0.0
302620.39134159347	4123654.463725495	0.0
302619.988269759	4123654.208601372	0.0
302619.7174402304	4123654.03455925	0.0
302619.44458848546	4123653.8688913085	0.0
302619.15605936106	4123653.684533284	0.0
302618.8082127191	4123653.469003669	0.0
302618.43043767835	4123653.2390048224	0.0
302618.1429391635	4123653.0607287884	0.0
302617.8821856935	4123652.8999574324	0.0
302617.59560037433	4123652.7353526168	0.0
302617.2642703604	4123652.53016679	0.0
302616.9891658421	4123652.3630716037	0.0
302616.71787082555	4123652.2132802457	0.0
302616.44301852863	4123652.038037559	0.0
302616.066252213	4123651.8446522416	0.0
302615.7863422333	4123651.674524473	0.0
302615.50938939163	4123651.5232008644	0.0
302615.2343239086	4123651.376643823	0.0
302614.96373765415	4123651.244414284	0.0
302614.62185730424	4123651.0561298835	0.0
302614.2602246923	4123650.8771916823	0.0
302613.8920949869	4123650.679902656	0.0
302613.60597480193	4123650.5350858932	0.0
302613.2997240434	4123650.3772348547	0.0
302613.0003139549	4123650.202014615	0.0
302612.6481094614	4123650.0213744952	0.0
302612.3196232999	4123649.8364759525	0.0
302611.9879885968	4123649.6498010964	0.0
302611.6087563009	4123649.452218123	0.0
302611.2947907115	4123649.280855886	0.0
302610.9226643243	4123649.0771846976	0.0
302610.58135781926	4123648.900729268	0.0
302610.3082578263	4123648.743394065	0.0
302610.026481956	4123648.6008807328	0.0
302609.7613184956	4123648.447614755	0.0
302609.4380246558	4123648.2759168227	0.0
302609.1612411763	4123648.131805836	0.0
302608.67239298194	4123647.871667833	0.0
302608.34834674944	4123647.7057237537	0.0
302608.02151728736	4123647.5220816634	0.0
302607.73291806795	4123647.3788036704	0.0
302607.4182260649	4123647.2143049887	0.0
302607.14419964736	4123647.074200026	0.0
302606.849707779	4123646.925694577	0.0
302606.48254749726	4123646.7256075167	0.0
302606.2211412699	4123646.5748437983	0.0
302605.89335062564	4123646.4006612306	0.0
302605.54318540206	4123646.2060957286	0.0
302605.16322654334	4123645.9965027636	0.0
302604.7732393315	4123645.7945470787	0.0
302604.40615722677	4123645.597788913	0.0
302604.02652881935	4123645.3833772875	0.0
302603.6440171343	4123645.1910527777	0.0
302603.27171206905	4123644.9797996236	0.0
302602.9990466788	4123644.840958037	0.0
302602.6396183758	4123644.642539675	0.0
302602.04578537634	4123644.321773454	0.0
302601.6176372804	4123644.0949952467	0.0
302601.09912543034	4123643.8190869917	0.0
302600.66797226213	4123643.5903440993	0.0
302600.25153541076	4123643.3645858136	0.0
302599.8491060268	4123643.149415288	0.0
302599.5076163806	4123642.977775526	0.0
302599.1975990014	4123642.817052964	0.0
302598.8394012278	4123642.6269324427	0.0
302598.544856859	4123642.4762080684	0.0
302598.12639334996	4123642.252347901	0.0
302597.6950573565	4123642.0032554744	0.0
302597.34131268226	4123641.807479212	0.0
302597.05148234766	4123641.6307389713	0.0
302596.77623354574	4123641.482706517	0.0
302596.490886812	4123641.3267699433	0.0
302596.1670922837	4123641.1338051083	0.0
302595.8950093838	4123641.000871195	0.0
302595.52027729683	4123640.7933761575	0.0
302595.14760651207	4123640.5728801335	0.0
302594.8522748677	4123640.420138995	0.0
302594.49438129447	4123640.217799109	0.0
302594.1551266881	4123640.034264677	0.0
302593.7911838965	4123639.8326221816	0.0
302593.4677110623	4123639.6470513237	0.0
302593.1399981398	4123639.4699068144	0.0
302592.85089388886	4123639.305176984	0.0
302592.5019892134	4123639.1202042243	0.0
302592.16659190506	4123638.937134267	0.0
302591.866498207	4123638.789501189	0.0
302591.53806765616	4123638.6070075664	0.0
302591.2504289178	4123638.4668531315	0.0
302590.9057250983	4123638.271789692	0.0
302590.5505667582	4123638.091404941	0.0
302590.1471888439	4123637.8988315645	0.0
302589.7489250694	4123637.6783825154	0.0
302589.47052748763	4123637.547447659	0.0
302589.09889142285	4123637.3395100087	0.0
302588.73405255866	4123637.1563924057	0.0
302588.42174729134	4123637.0116371284	0.0
302588.01711676514	4123636.7846765816	0.0
302587.6263459049	4123636.587180936	0.0
302587.30226835626	4123636.4262343277	0.0
302587.0247273933	4123636.2876929203	0.0
302586.73422260804	4123636.1326181022	0.0
302586.28867404326	4123635.8831203138	0.0
302585.97265478165	4123635.725129861	0.0
302585.6409580192	4123635.542158157	0.0
302585.2892784906	4123635.365022453	0.0
302584.93304573814	4123635.1829978665	0.0
302584.5000694757	4123634.9396807654	0.0
302584.13554353826	4123634.7698785937	0.0
302583.79247018264	4123634.56867089	0.0
302583.41466288466	4123634.3625439303	0.0
302583.0926813034	4123634.2089496288	0.0
302582.78732948523	4123634.0264686793	0.0
302582.4844608976	4123633.880381465	0.0
302582.1879197851	4123633.720267741	0.0
302581.7956395794	4123633.515221363	0.0
302581.5026862073	4123633.356688613	0.0
302581.1565816455	4123633.1712803696	0.0
302580.75591252866	4123632.9618054195	0.0
302580.42966024077	4123632.7775956495	0.0
302580.0563407503	4123632.573583722	0.0
302579.6747193776	4123632.375133103	0.0
302579.3098321254	4123632.145943016	0.0
302578.88168276695	4123631.925457151	0.0
302578.601636484	4123631.743306391	0.0
302578.2453207524	4123631.545185874	0.0
302577.955367857	4123631.363268115	0.0
302577.6769610699	4123631.1942163925	0.0
302577.36413773976	4123631.002289462	0.0
302577.0462872052	4123630.823063231	0.0
302576.6877534881	4123630.61870371	0.0
302576.3890507041	4123630.4295903384	0.0
302576.049695279	4123630.2543855887	0.0
302575.70669540134	4123630.031157159	0.0
302575.3591118986	4123629.820619002	0.0
302575.01935201185	4123629.6533803577	0.0
302574.76608569885	4123629.4820482098	0.0
302574.4322706301	4123629.368169153	0.0
302574.09151473816	4123629.1711631455	0.0
302573.72146530624	4123628.9929796387	0.0
302573.3404088947	4123628.7745320923	0.0
302573.0061588475	4123628.6025380385	0.0
302572.62655065075	4123628.414217358	0.0
302572.26669902634	4123628.2104441165	0.0
302571.9535886019	4123628.0692240363	0.0
302571.58631352294	4123627.864330158	0.0
302571.2293060183	4123627.6745528164	0.0
302570.9586964405	4123627.522526283	0.0
302570.62119768735	4123627.338211298	0.0
302570.2870953621	4123627.159922641	0.0
302569.9702056213	4123626.983819678	0.0
302569.607248842	4123626.786410802	0.0
302569.2983608631	4123626.6045685844	0.0
302568.94529765885	4123626.4252456296	0.0
302568.6160528078	4123626.2270439183	0.0
302568.2664816347	4123626.038942158	0.0
302567.9542232972	4123625.8647657377	0.0
302567.62944038026	4123625.6927342606	0.0
302567.35523856606	4123625.5452331905	0.0
302567.06662032625	4123625.3697606567	0.0
302566.7516222717	4123625.2174829836	0.0
302566.48136471806	4123625.0489800866	0.0
302566.13911678107	4123624.8451631316	0.0
302565.74653567316	4123624.639939495	0.0
302565.4167775513	4123624.4513718546	0.0
302565.0907897969	4123624.2532787016	0.0
302564.8063986504	4123624.112863697	0.0
302564.49260937615	4123623.9365029694	0.0
302564.04957328516	4123623.737277029	0.0
302563.7165580654	4123623.605222091	0.0
302563.4204597309	4123623.4325161115	0.0
302563.10663136106	4123623.279655948	0.0
302562.7297407009	4123623.0936772423	0.0
302562.36780994246	4123622.908456914	0.0
302562.01291135035	4123622.758043044	0.0
302561.623978598	4123622.531824689	0.0
302561.2873579409	4123622.3597017904	0.0
302560.93087174185	4123622.1543695563	0.0
302560.6192785392	4123621.9959058217	0.0
302560.27006802056	4123621.8231538953	0.0
302559.9981272465	4123621.658576541	0.0
302559.67556188465	4123621.4864931917	0.0
302559.32799940987	4123621.2894627983	0.0
302559.0258430326	4123621.1233757157	0.0
302558.7261088843	4123620.9470546823	0.0
302558.4464403216	4123620.806158729	0.0
302558.1323115019	4123620.6153733865	0.0
302557.85598282365	4123620.478099621	0.0
302557.4872805857	4123620.2628778587	0.0
302557.21887106146	4123620.122642308	0.0
302556.9013066493	4123619.936748755	0.0
302556.5132869086	4123619.7179105943	0.0
302556.1861377461	4123619.545935185	0.0
302555.91968060797	4123619.369201621	0.0
302555.5488256832	4123619.1693885745	0.0
302555.25489274546	4123619.0007027276	0.0
302554.8983540834	4123618.799442763	0.0
302554.60277284676	4123618.617288063	0.0
302554.3329324354	4123618.4728304213	0.0
302553.897605913	4123618.211436525	0.0
302553.61895037204	4123618.057009253	0.0
302553.2779891973	4123617.876477081	0.0
302552.9456124332	4123617.670948158	0.0
302552.60883914644	4123617.4923529066	0.0
302552.319815838	4123617.312264469	0.0
302551.9739837919	4123617.1070520645	0.0
302551.56128418766	4123616.8767672605	0.0
302551.24530244275	4123616.682695088	0.0
302550.98033689416	4123616.531646618	0.0
302550.71329245646	4123616.355112057	0.0
302550.3830248957	4123616.1763638672	0.0
302550.06456866657	4123615.990306495	0.0
302549.7876308552	4123615.8523071604	0.0
302549.4012329453	4123615.6521198135	0.0
302548.9446013712	4123615.409545861	0.0
302548.6726863657	4123615.2649521506	0.0
302548.4117781848	4123615.116583863	0.0
302548.02159247745	4123614.931473602	0.0
302547.69629998424	4123614.775552978	0.0
302547.29896916286	4123614.594866645	0.0
302546.7414707581	4123614.315807754	0.0
302546.3897155863	4123614.148112198	0.0
302546.01714249863	4123613.963327892	0.0
302545.6505100073	4123613.798387775	0.0
302545.34234737046	4123613.634847901	0.0
302545.0729850468	4123613.498150812	0.0
302544.72068190295	4123613.3386098044	0.0
302544.35630636266	4123613.168990749	0.0
302544.006442735	4123612.987373079	0.0
302543.62135804864	4123612.811579872	0.0
302543.35179564997	4123612.6789583373	0.0
302543.06897354464	4123612.5235191802	0.0
302542.64801086846	4123612.3193342187	0.0
302542.304635516	4123612.1242413903	0.0
302542.03042416775	4123611.9889537054	0.0
302541.76117031847	4123611.831715145	0.0
302541.2982065074	4123611.602983211	0.0
302540.93513528444	4123611.407058472	0.0
302540.52804074297	4123611.1823784527	0.0
302540.1248514359	4123610.9601970976	0.0
302539.83780213026	4123610.8011567527	0.0
302539.48822096974	4123610.618977506	0.0
302538.9841167877	4123610.3331120433	0.0
302538.6457815049	4123610.132164677	0.0
302538.2725860309	4123609.9272263856	0.0
302537.8597856631	4123609.698979977	0.0
302537.50843439746	4123609.5107362503	0.0
302537.16285817046	4123609.2975618383	0.0
302536.7999130335	4123609.1258740453	0.0
302536.50880177936	4123608.963968775	0.0
302536.1841653758	4123608.791934985	0.0
302535.84769142215	4123608.6135183587	0.0
302535.48216281994	4123608.4137658845	0.0
302535.14112688234	4123608.2300905427	0.0
302534.7962117684	4123608.0450261775	0.0
302534.42747799994	4123607.8410933097	0.0
302534.15857178846	4123607.6860672315	0.0
302533.86598202167	4123607.5493617533	0.0
302533.5527914805	4123607.3607756286	0.0
302533.29373548937	4123607.164560749	0.0
302532.9462066173	4123607.039018679	0.0
302532.6900815112	4123606.8801763053	0.0
302532.2861090237	4123606.6624545935	0.0
302531.92343303846	4123606.4581942926	0.0
302531.55662135605	4123606.2605075575	0.0
302531.1690178556	4123606.0531329424	0.0
302530.7862109627	4123605.8295473605	0.0
302530.47379033547	4123605.679985875	0.0
302530.1871057774	4123605.4987329096	0.0
302529.83921153727	4123605.3191048624	0.0
302529.5666436594	4123605.190810275	0.0
302529.2734315273	4123605.0150769413	0.0
302528.95579648786	4123604.851390382	0.0
302528.67989735806	4123604.7198435324	0.0
302528.3495288299	4123604.5431339247	0.0
302528.0343161193	4123604.388087117	0.0
302527.7504496075	4123604.2197204754	0.0
302527.3960928696	4123604.035803677	0.0
302527.1372975367	4123603.8344601933	0.0
302526.7929563591	4123603.741166348	0.0
302526.4113756708	4123603.5256937	0.0
302526.0582887585	4123603.345447807	0.0
302525.7768750449	4123603.193306715	0.0
302525.4396177175	4123603.0004760795	0.0
302525.10870143934	4123602.8633772307	0.0
302524.83687248896	4123602.709900476	0.0
302524.5319662808	4123602.546469746	0.0
302524.22889104526	4123602.397983889	0.0
302523.89243837073	4123602.226783621	0.0
302523.60838903254	4123602.056941119	0.0
302523.25246225775	4123601.881758121	0.0
302522.8541037093	4123601.676302196	0.0
302522.5319803461	4123601.5042097806	0.0
302522.19692788797	4123601.3296459853	0.0
302521.8028702785	4123601.1246440387	0.0
302521.5178426781	4123600.988686247	0.0
302521.1978154032	4123600.817654789	0.0
302520.8858249339	4123600.6675284095	0.0
302520.5761521312	4123600.4901471916	0.0
302520.2904414569	4123600.3251548205	0.0
302520.0116499134	4123600.1775781284	0.0
302519.743526096	4123600.036966904	0.0
302519.37617459183	4123599.841513801	0.0
302519.01768179645	4123599.664170901	0.0
302518.6675911411	4123599.5106850658	0.0
302518.3195661655	4123599.356965616	0.0
302518.0337863276	4123599.24563545	0.0
302517.71979530825	4123599.0985168247	0.0
302517.3837511304	4123598.9258269025	0.0
302517.0326689577	4123598.7805060516	0.0
302516.6378679214	4123598.6256666407	0.0
302516.26313680934	4123598.4812722383	0.0
302515.8523670358	4123598.3456822275	0.0
302515.5065254762	4123598.234469856	0.0
302515.08387478476	4123598.109521413	0.0
302514.6161700089	4123597.9623183357	0.0
302514.21756392426	4123597.834398804	0.0
302513.79082525143	4123597.705475798	0.0
302513.35547600023	4123597.587857554	0.0
302512.9589532809	4123597.4919003393	0.0
302512.6205528825	4123597.4202958173	0.0
302512.11468743684	4123597.3111829124	0.0
302511.6201897368	4123597.1947712256	0.0
302511.2932832452	4123597.121231029	0.0
302510.9234450383	4123597.0401891773	0.0
302510.59558610956	4123596.9638958685	0.0
302510.27730334114	4123596.8921882277	0.0
302509.8943141989	4123596.805534648	0.0
302509.58750366024	4123596.737257861	0.0
302509.2267240393	4123596.6576682976	0.0
302508.8560899261	4123596.5742397876	0.0
302508.4931967418	4123596.492849616	0.0
302508.1666859732	4123596.423556061	0.0
302507.7616569208	4123596.3370510167	0.0
302507.372061871	4123596.252588359	0.0
302506.99089919217	4123596.1681123734	0.0
302506.55980315036	4123596.074079049	0.0
302506.1815107075	4123595.9921260807	0.0
302505.79235049884	4123595.9072831906	0.0
302505.30762456777	4123595.803779545	0.0
302504.88556984405	4123595.7230412406	0.0
302504.4442021303	4123595.6577452607	0.0
302503.9945064509	4123595.596901066	0.0
302503.5450672571	4123595.5280943047	0.0
302503.2464326319	4123595.4803494527	0.0
302502.9479850228	4123595.434265539	0.0
302502.6437533912	4123595.3812863347	0.0
302502.26807484275	4123595.328692807	0.0
302501.8246935296	4123595.259558575	0.0
302501.38983167673	4123595.2004009234	0.0
302500.8924204745	4123595.129947389	0.0
302500.4681699454	4123595.087933542	0.0
302500.04163189296	4123595.0430129524	0.0
302499.618838124	4123594.9937484595	0.0
302499.26640418055	4123594.9544859054	0.0
302498.90111531806	4123594.934769575	0.0
302498.45194615854	4123594.9088851404	0.0
302498.13474679866	4123594.902100187	0.0
302497.74204723485	4123594.8806233355	0.0
302497.42335606983	4123594.8607359314	0.0
302497.1076395848	4123594.8478099303	0.0
302496.7929101796	4123594.8265340873	0.0
302496.4032765863	4123594.8096110704	0.0
302496.01419091865	4123594.790824817	0.0
302495.63328106777	4123594.7736965884	0.0
302495.32707991	4123594.7690584497	0.0
302495.02598424023	4123594.7613396216	0.0
302494.64419607806	4123594.75718464	0.0
302494.34289170767	4123594.7531714723	0.0
302494.04266136204	4123594.7382159075	0.0
302493.6674269806	4123594.7422334068	0.0
302493.2280081541	4123594.740914704	0.0
302492.7794655076	4123594.741661052	0.0
302492.4048096655	4123594.7576923533	0.0
302492.02760547155	4123594.778594574	0.0
302491.57186592754	4123594.81300188	0.0
302491.1926136073	4123594.8474599733	0.0
302490.7418449853	4123594.898218598	0.0
302490.2755989925	4123594.957668035	0.0
302489.81123167835	4123595.0152229336	0.0
302489.347999305	4123595.064424522	0.0
302488.89326893433	4123595.1165717156	0.0
302488.44187416346	4123595.172156141	0.0
302487.99488909676	4123595.2265266185	0.0
302487.62157739553	4123595.2682465515	0.0
302487.25581534725	4123595.3164501754	0.0
302486.8898446077	4123595.368359452	0.0
302486.4613117005	4123595.427291839	0.0
302486.0381105491	4123595.4927601046	0.0
302485.6176883687	4123595.563158985	0.0
302485.1906690536	4123595.636118582	0.0
302484.76480651903	4123595.7079407666	0.0
302484.33702615876	4123595.779993132	0.0
302483.90164845483	4123595.856110042	0.0
302483.4550507914	4123595.9332311125	0.0
302483.1542778039	4123595.989527676	0.0
302482.6948861937	4123596.0887840996	0.0
302482.22120872687	4123596.1907821572	0.0
302481.82638850843	4123596.286668956	0.0
302481.35840807133	4123596.3918636683	0.0
302480.8882836262	4123596.4939632392	0.0
302480.50086070923	4123596.5835698503	0.0
302480.11720400857	4123596.6823396753	0.0
302479.66593633144	4123596.7999087493	0.0
302479.22290549544	4123596.9280161425	0.0
302478.9181754127	4123597.004759961	0.0
302478.4757490029	4123597.1271170494	0.0
302478.03322696005	4123597.251696845	0.0
302477.6587855974	4123597.358576587	0.0
302477.3576826907	4123597.4511482394	0.0
302476.9010621992	4123597.605295567	0.0
302476.59040958947	4123597.7195561603	0.0
302476.2775305642	4123597.8460815484	0.0
302475.8726266125	4123598.016405459	0.0
302475.5458619016	4123598.15010395	0.0
302475.1417796846	4123598.3050505496	0.0
302474.8123229619	4123598.4312259266	0.0
302474.48858492443	4123598.555231355	0.0
302474.16229420336	4123598.683922768	0.0
302473.6753717603	4123598.8769007674	0.0
302473.1946074292	4123599.0800959263	0.0
302472.7130429888	4123599.2870106683	0.0
302472.23777563625	4123599.4911867576	0.0
302471.77279342443	4123599.704927785	0.0
302471.30421500857	4123599.9355917643	0.0
302470.5968398255	4123600.2786407513	0.0
302470.1298443199	4123600.5011259574	0.0
302469.6794919425	4123600.7330264873	0.0
302469.3077746609	4123600.936801544	0.0
302468.93794882554	4123601.1203631526	0.0
302468.506222337	4123601.3390579643	0.0
302468.07758352655	4123601.5569399972	0.0
302467.65912532154	4123601.773657313	0.0
302467.24134126224	4123601.9938744763	0.0
302466.95554296114	4123602.139561881	0.0
302466.66936636623	4123602.2880337415	0.0
302466.229777495	4123602.518385939	0.0
302465.7781904205	4123602.76067778	0.0
302465.39576241106	4123602.9808032187	0.0
302464.93665222765	4123603.242885987	0.0
302464.3445214529	4123603.585814193	0.0
302464.05419646297	4123603.7528873975	0.0
302463.77321297815	4123603.9334334815	0.0
302463.4258844714	4123604.155138545	0.0
302463.08507042646	4123604.370769167	0.0
302462.8133716994	4123604.5498015466	0.0
302462.5430605005	4123604.7437892277	0.0
302462.2726058061	4123604.9379653297	0.0
302462.0011032509	4123605.1441934616	0.0
302461.58306416107	4123605.4415770737	0.0
302461.30633421446	4123605.63941657	0.0
302461.0298132688	4123605.852424135	0.0
302460.75090036605	4123606.0580865443	0.0
302460.40540778165	4123606.313795224	0.0
302460.13444018434	4123606.5176053606	0.0
302459.86284209194	4123606.7260562526	0.0
302459.5973934149	4123606.944354408	0.0
302459.3322710353	4123607.1702313814	0.0
302458.99615029455	4123607.4281250606	0.0
302458.7297186544	4123607.636084343	0.0
302458.41897360026	4123607.909849137	0.0
302458.1662276903	4123608.1147108385	0.0
302457.91942208994	4123608.307960511	0.0
302457.6145868191	4123608.5625275266	0.0
302457.3849593225	4123608.769065665	0.0
302457.15525350266	4123608.972274998	0.0
302456.8672438469	4123609.2251508436	0.0
302456.5900321287	4123609.4653751664	0.0
302456.3160775872	4123609.699416652	0.0
302455.997570414	4123609.9953835304	0.0
302455.7260035335	4123610.2365852674	0.0
302455.4009295302	4123610.523824961	0.0
302455.1293236214	4123610.7696535448	0.0
302454.8550911727	4123611.0233154744	0.0
302454.6338657156	4123611.2285457565	0.0
302454.4683260148	4123611.480274855	0.0
302454.14933198097	4123611.6801495445	0.0
302453.84001849266	4123611.9833016186	0.0
302453.5254167787	4123612.281767205	0.0
302453.270197319	4123612.526100021	0.0
302452.9654847397	4123612.817301533	0.0
302452.6698829212	4123613.105883184	0.0
302452.3740854988	4123613.3987252833	0.0
302452.12516326114	4123613.6466106744	0.0
302451.83260584704	4123613.945112676	0.0
302451.536808484	4123614.2379548093	0.0
302451.23831942014	4123614.5421475125	0.0
302450.9301282058	4123614.8489740253	0.0
302450.6136094305	4123615.179126065	0.0
302450.2841747622	4123615.5136528686	0.0
302449.959906731	4123615.8602705	0.0
302449.635399921	4123616.228172942	0.0
302449.3228916548	4123616.6030094493	0.0
302449.1221719044	4123616.8497605817	0.0
302448.9196777368	4123617.09026224	0.0
302448.72584213864	4123617.3340758285	0.0
302448.5420566668	4123617.5774678723	0.0
302448.31804553774	4123617.871766382	0.0
302448.0593797809	4123618.227387325	0.0
302447.8441228797	4123618.522775086	0.0
302447.6295011798	4123618.832580739	0.0
302447.3628597601	4123619.188759476	0.0
302447.10012376355	4123619.553728058	0.0
302446.92145701614	4123619.800885447	0.0
302446.8402712251	4123620.1115322853	0.0
302446.5881727017	4123620.3049963075	0.0
302446.3771170236	4123620.60916699	0.0
302446.20478218066	4123620.855065165	0.0
302445.91942924703	4123621.2836634465	0.0
302445.6839519155	4123621.656502257	0.0
302445.4755883635	4123621.968196099	0.0
302445.2821630108	4123622.2797234324	0.0
302445.0500344016	4123622.6565542575	0.0
302444.8262248932	4123623.0222721626	0.0
302444.60417219816	4123623.3809173508	0.0
302444.43022934644	4123623.6779234475	0.0
302444.2225670691	4123624.04455662	0.0
302444.0531603665	4123624.3582942807	0.0
302443.8432584683	4123624.724054992	0.0
302443.63443489687	4123625.079058224	0.0
302443.4692638287	4123625.3841845454	0.0
302443.3100028073	4123625.6889867466	0.0
302443.1148825914	4123626.0542145707	0.0
302442.9243892145	4123626.4023101693	0.0
302442.7411585016	4123626.7572662327	0.0
302442.5573237785	4123627.1368463533	0.0
302442.3716926456	4123627.4966698634	0.0
302442.2254647664	4123627.7832168406	0.0
302442.02117806266	4123628.1864078403	0.0
302441.88326951733	4123628.4744243654	0.0
302441.7114327929	4123628.8294823826	0.0
302441.5355298893	4123629.181490479	0.0
302441.3805797752	4123629.543737582	0.0
302441.2426064667	4123629.8541450426	0.0
302441.08032445214	4123630.22544645	0.0
302440.92907158314	4123630.6253539673	0.0
302440.78546426387	4123631.0421049017	0.0
302440.6204087373	4123631.4652817734	0.0
302440.4789322957	4123631.8782818383	0.0
302440.3444565411	4123632.243007696	0.0
