326724.886715677	4128313.2577456045	0.0
326724.9652869017	4128313.5832111016	0.0
326725.02770251036	4128313.9066055357	0.0
326725.09428061143	4128314.202533083	0.0
326725.16086140147	4128314.5128910104	0.0
326725.2295034068	4128314.8442969657	0.0
326725.28765666217	4128315.147428906	0.0
326725.3541512882	4128315.5036700103	0.0
326725.45076678274	4128315.9225603	0.0
326725.5450833124	4128316.366103866	0.0
326725.60254362633	4128316.671470201	0.0
326725.6923240973	4128317.1101123993	0.0
326725.74888502515	4128317.4077270958	0.0
326725.8316863291	4128317.844848533	0.0
326725.9138327171	4128318.2645929847	0.0
326725.9919104053	4128318.666291006	0.0
326726.06351451564	4128319.05517247	0.0
326726.1372432726	4128319.4395698765	0.0
326726.2087365	4128319.8230884722	0.0
326726.26384585776	4128320.1791949556	0.0
326726.32659918	4128320.5260781273	0.0
326726.383440729	4128320.865868305	0.0
326726.4355370868	4128321.1763406955	0.0
326726.5086302385	4128321.565746397	0.0
326726.56858912663	4128321.94191823	0.0
326726.62293289683	4128322.296745504	0.0
326726.68432711123	4128322.6493919515	0.0
326726.73850017466	4128323.003112721	0.0
326726.79989211936	4128323.384250082	0.0
326726.8522189779	4128323.6915726117	0.0
326726.90262516134	4128324.020395502	0.0
326726.93172982184	4128324.347836737	0.0
326727.00354187924	4128324.6687888466	0.0
326727.0549630453	4128324.975205076	0.0
326727.1066891545	4128325.332121531	0.0
326727.1557450184	4128325.6528320936	0.0
326727.2100997908	4128325.965292858	0.0
326727.25869190396	4128326.277872761	0.0
326727.30201186595	4128326.599996949	0.0
326727.34770498436	4128326.929657304	0.0
326727.39544940635	4128327.308486744	0.0
326727.43538659415	4128327.674342193	0.0
326727.48888736323	4128328.059897833	0.0
326727.5288481859	4128328.369696096	0.0
326727.5711389808	4128328.6992417853	0.0
326727.6146336618	4128329.0441180547	0.0
326727.65572077536	4128329.379793817	0.0
326727.69770973886	4128329.7161909565	0.0
326727.73226480675	4128330.050521721	0.0
326727.7728818692	4128330.3849121635	0.0
326727.81184815	4128330.725256914	0.0
326727.83469466533	4128331.07161096	0.0
326727.8865848465	4128331.4158177846	0.0
326727.92761346337	4128331.762965107	0.0
326727.97109283274	4128332.107101671	0.0
326728.0030597119	4128332.459246485	0.0
326728.03558973316	4128332.824330048	0.0
326728.07436144364	4128333.1981648393	0.0
326728.1069883886	4128333.5750867603	0.0
326728.14601242833	4128333.961126705	0.0
326728.1881738378	4128334.3487668377	0.0
326728.22601713636	4128334.742046414	0.0
326728.2654259672	4128335.139548751	0.0
326728.2995397134	4128335.545485817	0.0
326728.3371196314	4128335.9689267534	0.0
326728.3686755699	4128336.3726966307	0.0
326728.40615112364	4128336.805390006	0.0
326728.44090581895	4128337.235179546	0.0
326728.475431334	4128337.675334136	0.0
326728.5120637228	4128338.1172952247	0.0
326728.53189334786	4128338.4186294214	0.0
326728.55961311085	4128338.8728001383	0.0
326728.5840577108	4128339.175703974	0.0
326728.60186839284	4128339.4794849833	0.0
326728.6247908571	4128339.7874154383	0.0
326728.63216161553	4128340.1010325807	0.0
326728.6520944666	4128340.407359793	0.0
326728.6703281816	4128340.724452461	0.0
326728.6935081439	4128341.0519881896	0.0
326728.71142339904	4128341.3679774087	0.0
326728.7252499383	4128341.7007016647	0.0
326728.7422646836	4128342.0231846985	0.0
326728.7612117807	4128342.346182799	0.0
326728.7623206109	4128342.6643695347	0.0
326728.78272619273	4128342.986412455	0.0
326728.80048356066	4128343.309065141	0.0
326728.8087523518	4128343.6232187343	0.0
326728.8218805855	4128343.929316617	0.0
326728.83160269214	4128344.235114911	0.0
326728.83856953576	4128344.5363450265	0.0
326728.8664650001	4128344.8560130317	0.0
326728.8740626172	4128345.3093047244	0.0
326728.88869402645	4128345.7524606963	0.0
326728.9008248264	4128346.0532140406	0.0
326728.91619638033	4128346.50356993	0.0
326728.92809277424	4128346.9288369	0.0
326728.9351486283	4128347.341623566	0.0
326728.9437684573	4128347.7299571545	0.0
326728.955339664	4128348.1180447214	0.0
326728.9461376653	4128348.488061198	0.0
326728.9578602422	4128348.8548699883	0.0
326728.9649678484	4128349.2201091405	0.0
326728.9738422744	4128349.592156973	0.0
326728.976199756	4128349.942138864	0.0
326728.98739741906	4128350.2978581707	0.0
326728.98843157623	4128350.6624828666	0.0
326728.98196190945	4128351.0359579623	0.0
326728.9858637656	4128351.439189544	0.0
326728.986930074	4128351.833969491	0.0
326728.973252322	4128352.237749527	0.0
326728.98152354726	4128352.6664215517	0.0
326728.97301357647	4128353.06990974	0.0
326728.97282921	4128353.482846096	0.0
326728.97031014104	4128353.9115561987	0.0
326728.9684061853	4128354.3271181844	0.0
326728.9651863377	4128354.7362321788	0.0
326728.9572915316	4128355.147669159	0.0
326728.94509786717	4128355.544937052	0.0
326728.94407508994	4128355.9316199454	0.0
326728.9280228638	4128356.320648625	0.0
326728.9170248464	4128356.6895922055	0.0
326728.9130201171	4128357.07504171	0.0
326728.8888905929	4128357.4451818047	0.0
326728.8862118814	4128357.8304188894	0.0
326728.86565670755	4128358.2089953455	0.0
326728.85888908326	4128358.589506821	0.0
326728.83960662177	4128358.9867425333	0.0
326728.82658516674	4128359.4151147543	0.0
326728.80777319055	4128359.8565570842	0.0
326728.78854452533	4128360.1562937237	0.0
326728.77452320966	4128360.464802973	0.0
326728.76070835174	4128360.7832982577	0.0
326728.74467597075	4128361.1160848225	0.0
326728.72983826674	4128361.435156272	0.0
326728.7159714566	4128361.779738425	0.0
326728.69313943805	4128362.0982351303	0.0
326728.67333660484	4128362.4273995343	0.0
326728.65957776306	4128362.74145353	0.0
326728.637596553	4128363.0510523743	0.0
326728.6067077048	4128363.358800322	0.0
326728.5848117416	4128363.658222097	0.0
326728.53777747543	4128364.07878726	0.0
326728.5098359366	4128364.4861923056	0.0
326728.47814283916	4128364.8694391744	0.0
326728.4648839841	4128365.240062375	0.0
326728.45742480364	4128365.6333857207	0.0
326728.43296611216	4128365.9447008427	0.0
