326606.8205941464	4128242.35845631	0.0
326607.1207684942	4128242.341330914	0.0
326607.4844221603	4128242.3343626186	0.0
326607.8046720653	4128242.3301423364	0.0
326608.1250199988	4128242.323514964	0.0
326608.52894287393	4128242.326628962	0.0
326608.97602466063	4128242.315159687	0.0
326609.3057810643	4128242.313147867	0.0
326609.6462973112	4128242.3096184228	0.0
326609.98457273195	4128242.29781009	0.0
326610.3159865626	4128242.30445929	0.0
326610.6545895552	4128242.3013394787	0.0
326610.99697075936	4128242.3022116427	0.0
326611.2980775889	4128242.287287177	0.0
326611.6266456838	4128242.292145244	0.0
326611.9621117326	4128242.308885994	0.0
326612.3038540458	4128242.278875472	0.0
326612.6544334049	4128242.2758779903	0.0
326612.99004960025	4128242.285585458	0.0
326613.3492426709	4128242.2916600965	0.0
326613.6729078349	4128242.295324632	0.0
326614.01218890806	4128242.310691501	0.0
326614.35036488366	4128242.351242024	0.0
326614.686608937	4128242.355571403	0.0
326615.01146432734	4128242.381042043	0.0
326615.3275381612	4128242.410764488	0.0
326615.6656347376	4128242.433186143	0.0
326615.97696582024	4128242.390854493	0.0
326616.3963639719	4128242.3274166803	0.0
326616.70854338515	4128242.3403842207	0.0
326617.0111794789	4128242.3565092837	0.0
326617.450910451	4128242.3612880246	0.0
326617.8679855446	4128242.3713456173	0.0
326618.3066439247	4128242.3742965334	0.0
326618.71809258265	4128242.383915544	0.0
326619.1275337791	4128242.3965361924	0.0
326619.5178907304	4128242.408441616	0.0
326619.932953095	4128242.414100809	0.0
326620.31687880564	4128242.4366846364	0.0
326620.72711332195	4128242.437633593	0.0
326621.1308922189	4128242.440936181	0.0
326621.5235889661	4128242.444468038	0.0
326621.9222669464	4128242.4798821737	0.0
326622.30371704884	4128242.4756914726	0.0
326622.6687607836	4128242.4859006135	0.0
326623.0469644095	4128242.503422773	0.0
326623.4283116872	4128242.5156997615	0.0
326623.77181899693	4128242.520989289	0.0
326624.12331835454	4128242.533883747	0.0
326624.4476232906	4128242.5541859777	0.0
326624.8250244949	4128242.5757949427	0.0
326625.1588134272	4128242.618656716	0.0
326625.50536583876	4128242.6568143414	0.0
326625.8504028277	4128242.7146139336	0.0
326626.1870948032	4128242.819207603	0.0
326626.51856251695	4128242.9070738363	0.0
326626.83531957696	4128242.962683377	0.0
326627.17178200744	4128243.05618149	0.0
326627.51668170746	4128243.1287844465	0.0
326627.88168415305	4128243.2370476923	0.0
326628.23338613776	4128243.316910197	0.0
326628.58280613215	4128243.429380924	0.0
326628.9239734246	4128243.557377852	0.0
326629.27426466835	4128243.669090561	0.0
326629.61869755434	4128243.7762993257	0.0
326629.93318546755	4128243.8722871644	0.0
326630.2485986449	4128243.991566592	0.0
326630.626758941	4128244.1356338914	0.0
326630.9051130344	4128244.2499447465	0.0
326631.2573785869	4128244.42137354	0.0
326631.5897775762	4128244.5828529736	0.0
326631.89919979894	4128244.75553803	0.0
326632.2173117614	4128244.9195330855	0.0
326632.53746560146	4128245.082190877	0.0
326632.7913661421	4128245.2506592716	0.0
326633.0420871688	4128245.415493328	0.0
326633.2884140195	4128245.603729004	0.0
326633.6041763793	4128245.8613855983	0.0
326633.8394841276	4128246.0814851965	0.0
326634.07382977125	4128246.2836591452	0.0
326634.300668727	4128246.4802532014	0.0
326634.53980917647	4128246.692688304	0.0
326634.7520837302	4128246.9069741694	0.0
326635.01110347477	4128247.1942954045	0.0
326635.25534843723	4128247.4891374814	0.0
326635.43471216573	4128247.7346300585	0.0
326635.6479275448	4128248.0515746493	0.0
326635.8393306664	4128248.328824189	0.0
326636.0149011717	4128248.648212514	0.0
326636.1704492933	4128248.9358240077	0.0
326636.29920759576	4128249.207524136	0.0
326636.44306709024	4128249.551804148	0.0
326636.54702138086	4128249.8678636947	0.0
326636.6339146376	4128250.2024067035	0.0
326636.68154798157	4128250.523803072	0.0
326636.7724774382	4128250.855200788	0.0
326636.82397528156	4128251.1865908206	0.0
326636.85986392817	4128251.520893804	0.0
326636.88470683945	4128251.8285994367	0.0
326636.89896007424	4128252.174635291	0.0
326636.9237546765	4128252.4871520726	0.0
326636.963746219	4128252.8197051384	0.0
326636.996807826	4128253.131680909	0.0
326637.0349587911	4128253.468157166	0.0
326637.07060489745	4128253.8407613486	0.0
326637.1278289021	4128254.2560255276	0.0
326637.1668875294	4128254.564917162	0.0
326637.21249400487	4128254.8973540864	0.0
326637.2311842839	4128255.2345089233	0.0
326637.2925539918	4128255.587619405	0.0
326637.32260426506	4128255.9612643644	0.0
326637.35992503143	4128256.314778321	0.0
326637.3832643933	4128256.6641413406	0.0
326637.4080101129	4128257.0171753853	0.0
326637.4297943668	4128257.377115898	0.0
326637.4405500447	4128257.739874612	0.0
326637.44507252553	4128258.080006557	0.0
326637.45238718065	4128258.419340722	0.0
326637.45666424284	4128258.753944751	0.0
326637.4716520718	4128259.1077184724	0.0
326637.48231749306	4128259.4160873787	0.0
326637.47557609715	4128259.7762479214	0.0
326637.47862238716	4128260.123625625	0.0
326637.4708724534	4128260.4993475103	0.0
326637.4715034119	4128260.837154877	0.0
326637.4706366432	4128261.188313635	0.0
326637.45825168927	4128261.5186199904	0.0
326637.4641465415	4128261.882219274	0.0
326637.4557836069	4128262.242598367	0.0
326637.4568071416	4128262.59223798	0.0
326637.45507633005	4128262.9230639813	0.0
326637.45360081387	4128263.280525527	0.0
326637.45441539073	4128263.62720937	0.0
326637.4491095523	4128263.9853051603	0.0
326637.4538056025	4128264.340973997	0.0
326637.4448387373	4128264.693595344	0.0
326637.4330887748	4128265.0545995156	0.0
326637.4386073556	4128265.392860803	0.0
326637.4213332734	4128265.7726648166	0.0
326637.4018351234	4128266.152144823	0.0
326637.3971912421	4128266.6780270985	0.0
326637.40586451953	4128266.9901373293	0.0
326637.4123834438	4128267.3481735354	0.0
326637.4058840559	4128267.7057389985	0.0
326637.41205008037	4128268.0610074205	0.0
326637.41083808924	4128268.409768249	0.0
326637.40602244623	4128268.7558285324	0.0
326637.38854707114	4128269.1330466326	0.0
326637.38730688853	4128269.4732977813	0.0
326637.39231902186	4128269.8371003335	0.0
326637.41687064944	4128270.1664576684	0.0
326637.41290135717	4128270.5391412675	0.0
326637.41721009655	4128270.8903779835	0.0
326637.4169396551	4128271.2489246395	0.0
326637.41491236433	4128271.59400222	0.0
326637.39905287616	4128271.942141	0.0
326637.3988891081	4128272.284404949	0.0
326637.3750285437	4128272.6173537583	0.0
326637.36739736726	4128272.9416416083	0.0
326637.36011384625	4128273.2612971263	0.0
326637.34816557064	4128273.5769790076	0.0
326637.35289422143	4128273.905636342	0.0
326637.342551211	4128274.2346054283	0.0
326637.33567939524	4128274.5670178253	0.0
326637.33018956333	4128274.8947764914	0.0
326637.3282421808	4128275.222276879	0.0
326637.34118525573	4128275.5335587705	0.0
326637.33085329423	4128275.841621985	0.0
326637.3350885074	4128276.1464237915	0.0
326637.33008983644	4128276.4479014887	0.0
326637.32590265374	4128276.7528775106	0.0
326637.3152246709	4128277.2085824404	0.0
326637.32442781166	4128277.5177216236	0.0
326637.32012729836	4128277.8243650408	0.0
326637.3182163222	4128278.125038849	0.0
326637.32546272187	4128278.425338234	0.0
326637.3212131305	4128278.855934424	0.0
326637.31655688107	4128279.285861205	0.0
326637.3017959056	4128279.703847227	0.0
326637.3019223304	4128280.095871714	0.0
326637.2947420076	4128280.4776870194	0.0
326637.2997378913	4128280.8549953317	0.0
326637.292200956	4128281.1766911587	0.0
326637.28513550415	4128281.5068874955	0.0
326637.28009805566	4128281.842222043	0.0
326637.26974929037	4128282.19949713	0.0
326637.26222711685	4128282.5576387765	0.0
326637.2510058804	4128283.0442509037	0.0
326637.2317904659	4128283.4159548366	0.0
326637.22698100493	4128283.8123365548	0.0
326637.2538788925	4128284.2622690857	0.0
326637.24149503437	4128284.5783299957	0.0
326637.23735422	4128284.9069857937	0.0
