302452.48788614315	4123696.6457507773	0.0
302452.78209045227	4123697.1654406055	0.0
302453.04353877157	4123697.6322407587	0.0
302453.35192482086	4123698.1762066935	0.0
302453.66286771663	4123698.7093803585	0.0
302453.96409510553	4123699.225759326	0.0
302454.2126224807	4123699.8219070737	0.0
302454.6173147577	4123700.353726564	0.0
302454.96507100516	4123700.948761255	0.0
302455.26348446705	4123701.4587302078	0.0
302455.5656944525	4123701.972865662	0.0
302455.82697699394	4123702.42634717	0.0
302456.11219604407	4123702.9288551277	0.0
302456.38039361185	4123703.412149807	0.0
302456.6320175219	4123703.8701144685	0.0
302456.82488743804	4123704.394295035	0.0
302457.2102230404	4123704.916025716	0.0
302457.48810939083	4123705.3898406005	0.0
302457.80429701495	4123705.957307729	0.0
302458.08686320577	4123706.466539479	0.0
302458.3554868421	4123706.9553752746	0.0
302458.6403708288	4123707.4625170957	0.0
302458.9412807088	4123708.0094346795	0.0
302459.21206130553	4123708.5019204635	0.0
302459.4901523144	4123709.003301003	0.0
302459.78850107023	4123709.5734084263	0.0
302460.0537154068	4123710.0808281316	0.0
302460.3600486497	4123710.663330147	0.0
302460.6802636575	4123711.2762215314	0.0
302460.9647871457	4123711.824635007	0.0
302461.2150757294	4123712.2950286395	0.0
302461.4604153368	4123712.762578158	0.0
302461.7073899523	4123713.224168045	0.0
302461.95878744737	4123713.697681218	0.0
302462.206436025	4123714.15647971	0.0
302462.5119640966	4123714.7173514827	0.0
302462.76681860234	4123715.180606324	0.0
302463.0415911565	4123715.6855807398	0.0
302463.2876738943	4123716.1344241444	0.0
302463.53425240796	4123716.585476324	0.0
302463.79994428577	4123717.0692002317	0.0
302464.07172888477	4123717.5603672634	0.0
302464.34317857155	4123718.049876855	0.0
302464.5183002515	4123718.5439779637	0.0
302464.8786895204	4123719.041837436	0.0
302465.1678653094	4123719.567937186	0.0
302465.4764022874	4123720.1246674396	0.0
302465.7955288519	4123720.70390798	0.0
302466.11327688885	4123721.287436804	0.0
302466.4281978592	4123721.851418312	0.0
302466.7169689527	4123722.3729017205	0.0
302467.0282368114	4123722.9325283393	0.0
302467.2111905236	4123723.4288422996	0.0
302467.5786938764	4123723.9246924566	0.0
302467.84308485396	4123724.397159864	0.0
302468.1334561085	4123724.917495439	0.0
302468.45176470827	4123725.4934246545	0.0
302468.7771356291	4123726.0677074012	0.0
302469.1045244035	4123726.6460134727	0.0
302469.3570120869	4123727.084159228	0.0
302469.6121571484	4123727.54093113	0.0
302469.86822860094	4123728.0056377994	0.0
302470.1293316469	4123728.4767023474	0.0
302470.3893821507	4123728.9407602884	0.0
302470.6438748536	4123729.401248292	0.0
302470.9023467381	4123729.867378793	0.0
302471.16344087094	4123730.331782268	0.0
302471.43527667935	4123730.812586252	0.0
302471.71863261954	4123731.311437756	0.0
302472.01492644113	4123731.8320041467	0.0
302472.303766108	4123732.3312817356	0.0
302472.5689262344	4123732.7987351846	0.0
302472.8294502181	4123733.2452035933	0.0
302473.0737227759	4123733.6863182983	0.0
302473.3385957066	4123734.1478573633	0.0
302473.65850822	4123734.7165325806	0.0
302473.91443565034	4123735.1751365406	0.0
302474.1747987854	4123735.6336361305	0.0
302474.4353793787	4123736.095091192	0.0
302474.767390171	4123736.674954009	0.0
302475.0401170924	4123737.1559221563	0.0
302475.3273125774	4123737.6544983755	0.0
302475.6519213689	4123738.2152916165	0.0
302475.91151882784	4123738.6664078156	0.0
302476.1994275914	4123739.1764395265	0.0
302476.50479262596	4123739.7115954985	0.0
302476.71735712735	4123740.2854385357	0.0
302477.05061150756	4123740.68277512	0.0
302477.39772598655	4123741.3135376847	0.0
302477.7463795194	4123741.921689613	0.0
302478.04326920514	4123742.4927570764	0.0
302478.33570542815	4123743.0443154885	0.0
302478.6200266592	4123743.584222535	0.0
302478.8925712753	4123744.114044669	0.0
302479.158083873	4123744.6405165866	0.0
302479.3941022873	4123745.108100828	0.0
302479.6635504123	4123745.6320746806	0.0
302479.8964158017	4123746.0914064907	0.0
302480.06927963474	4123746.604482634	0.0
302480.4170683732	4123747.105921862	0.0
302480.67453082907	4123747.6046427567	0.0
302480.9209732822	4123748.0877098376	0.0
302481.16001800157	4123748.5393097834	0.0
302481.4502405189	4123749.1036878806	0.0
302481.7764192381	4123749.7186600226	0.0
302482.0832063516	4123750.3017071076	0.0
302482.3313662797	4123750.7760371026	0.0
302482.58762343106	4123751.242405046	0.0
302482.83896654396	4123751.713699569	0.0
302483.09078820527	4123752.199045599	0.0
302483.3715119425	4123752.7055458487	0.0
302483.6363671351	4123753.216675333	0.0
302483.9067362515	4123753.710651738	0.0
302484.1717084997	4123754.2016095207	0.0
302484.48498788	4123754.7776575685	0.0
302484.7967318875	4123755.3387538106	0.0
302485.09485529474	4123755.880556703	0.0
302485.3831457301	4123756.394280418	0.0
302485.6741889442	4123756.911825128	0.0
302485.9306803538	4123757.363014663	0.0
302486.21339970245	4123757.8600311815	0.0
302486.49327908526	4123758.3432368063	0.0
302486.770779665	4123758.8259433024	0.0
302487.0682153017	4123759.3385266964	0.0
302487.28067862033	4123759.887540237	0.0
302487.60815172084	4123760.267286932	0.0
302487.9359204009	4123760.824120447	0.0
302488.2716734237	4123761.387057341	0.0
302488.59997697396	4123761.9477640544	0.0
302488.9288326573	4123762.5005012266	0.0
302489.24635514535	4123763.03056057	0.0
302489.53702360974	4123763.5259098504	0.0
302489.80987909675	4123763.9872615114	0.0
302490.13969139697	4123764.542936795	0.0
302490.40248791047	4123764.9854664146	0.0
302490.7065505991	4123765.4967837636	0.0
302490.9150561973	4123766.0378447236	0.0
302491.33815142367	4123766.5928806574	0.0
302491.66013154265	4123767.1552165495	0.0
302491.98599089944	4123767.7315239343	0.0
302492.3101066546	4123768.3280413155	0.0
302492.63728864957	4123768.9542774092	0.0
302492.97892596264	4123769.59127557	0.0
302493.3144185884	4123770.2374851024	0.0
302493.6438139512	4123770.8634841116	0.0
302493.95904091944	4123771.4783442523	0.0
302494.19696686213	4123771.9390376024	0.0
302494.4973989108	4123772.5224196203	0.0
302494.7169469252	4123772.9754038015	0.0
302494.98554178065	4123773.557499531	0.0
302495.24428222305	4123774.129465103	0.0
302495.51505935425	4123774.659699331	0.0
302495.77544704394	4123775.1696389862	0.0
302496.0612796786	4123775.717282476	0.0
302496.3075767722	4123776.1816646717	0.0
302496.6069905127	4123776.7343546813	0.0
302496.8695129123	4123777.215563506	0.0
302497.12247305294	4123777.7430713717	0.0
302497.24362702016	4123778.2457399997	0.0
302497.35254784	4123778.737779317	0.0
302497.466979377	4123779.2942666532	0.0
302497.58618609724	4123779.8713657027	0.0
302497.7209786962	4123780.450688546	0.0
302497.86773062823	4123781.0541547975	0.0
302498.0132390267	4123781.6739335065	0.0
302498.20633581857	4123782.3105410454	0.0
302498.39805461373	4123782.9891842552	0.0
302498.6320216183	4123783.6903330376	0.0
302498.98773124954	4123784.70539957	0.0
302499.2318480738	4123785.404089117	0.0
302499.3984053963	4123786.1136703165	0.0
302499.52037880203	4123786.7706399816	0.0
302499.5982597351	4123787.377021949	0.0
302499.669551351	4123787.910839677	0.0
302499.7009213809	4123788.4267229997	0.0
302499.7160013182	4123788.960753094	0.0
302499.73651680164	4123789.468010067	0.0
302499.71370165003	4123789.982207712	0.0
302499.64912589616	4123790.5134860873	0.0
302499.5686379388	4123791.0286706225	0.0
302499.42420158436	4123791.5170492223	0.0
302499.2629099336	4123792.0309893494	0.0
302499.0479594657	4123792.5530383475	0.0
302498.7979095682	4123793.010595375	0.0
302498.5468723939	4123793.457628569	0.0
302498.23460979795	4123793.924420934	0.0
302497.9646118747	4123794.3452550443	0.0
302497.60863982246	4123794.7777339304	0.0
302497.30074288434	4123795.203715623	0.0
302496.97278925683	4123795.600933504	0.0
302496.65017242916	4123796.0614932915	0.0
302496.30094171484	4123796.541553001	0.0
302496.0689545	4123796.9902406028	0.0
302495.66574829275	4123797.3800952462	0.0
302495.3234091388	4123797.769510084	0.0
302494.9770862311	4123798.134223802	0.0
302494.61590354505	4123798.4835590906	0.0
302494.2357171036	4123798.842593358	0.0
302493.8361699155	4123799.183579556	0.0
302493.3456696727	4123799.5572368465	0.0
302492.7799407615	4123799.921377045	0.0
302492.3183321778	4123800.202576571	0.0
302491.86848678626	4123800.474432561	0.0
302491.30885002296	4123800.8019773616	0.0
302490.78055832896	4123801.0910372483	0.0
302490.1707451304	4123801.354629978	0.0
302489.6724367999	4123801.5661943536	0.0
302489.1562892237	4123801.7237778315	0.0
302488.6444599674	4123801.882554987	0.0
302488.1387483693	4123801.974390105	0.0
302487.60897098127	4123802.0682718176	0.0
302487.0498531208	4123802.185233349	0.0
302486.46758803364	4123802.3684274824	0.0
302485.91334211826	4123802.5729816826	0.0
302485.4219526523	4123802.776797027	0.0
302484.9500504851	4123803.022897254	0.0
302484.4645025197	4123803.2989244186	0.0
302483.9295188851	4123803.6116418443	0.0
302483.450637582	4123803.8880673097	0.0
302482.9458340509	4123804.1945235524	0.0
302482.4457488097	4123804.49402246	0.0
302481.9923990036	4123804.7741030757	0.0
302481.51394854276	4123805.0625458863	0.0
302480.99831701454	4123805.3803592306	0.0
302480.4939877888	4123805.694390963	0.0
302479.97028515465	4123806.0149848056	0.0
302479.4424164676	4123806.334566499	0.0
302478.9434794057	4123806.6262670844	0.0
302478.43690181547	4123806.9264741307	0.0
302477.96136520174	4123807.212998231	0.0
302477.4939127524	4123807.4910054896	0.0
302477.0300959232	4123807.772627954	0.0
302476.4593450495	4123808.1119076014	0.0
302475.973506592	4123808.4070008765	0.0
302475.5267975816	4123808.680079256	0.0
302474.98125618754	4123809.009328937	0.0
302474.4347190053	4123809.3402674166	0.0
302473.9170397624	4123809.659054599	0.0
302473.40667504404	4123809.974339037	0.0
302472.9035204041	4123810.281682314	0.0
302472.4001442853	4123810.6047589267	0.0
302471.8835572996	4123810.9573821984	0.0
302471.3693496559	4123811.3419608045	0.0
302470.884357232	4123811.754717622	0.0
302470.3884853929	4123812.2269421276	0.0
302469.9951205951	4123812.6419836706	0.0
302469.6463127098	4123813.051905905	0.0
302469.3155782564	4123813.469174372	0.0
302468.97483334853	4123813.901111262	0.0
302468.6126764122	4123814.391283397	0.0
302468.2289985514	4123814.9287761957	0.0
302467.86405999074	4123815.5019101254	0.0
302467.54812697135	4123816.0640839157	0.0
302467.2822124941	4123816.6017660685	0.0
302467.0611855434	4123817.1420926335	0.0
302466.88348028413	4123817.668817256	0.0
302466.7413258297	4123818.197480821	0.0
302466.63003028056	4123818.7487327787	0.0
302466.5247412868	4123819.3540590485	0.0
302466.448723943	4123819.983676388	0.0
302466.4060477946	4123820.590489789	0.0
302466.3814963664	4123821.1565387337	0.0
302466.3539435175	4123821.6767692887	0.0
302466.3462571995	4123822.2868300825	0.0
302466.365036802	4123822.8773943502	0.0
302466.42180508515	4123823.617499213	0.0
302466.4879155016	4123824.176233612	0.0
302466.5878108706	4123824.7247361033	0.0
302466.7050050613	4123825.2539577927	0.0
302466.84242907894	4123825.7627194896	0.0
302466.93931995507	4123826.2619949304	0.0
302467.17666712747	4123826.7642274033	0.0
302467.37792129663	4123827.2633454064	0.0
302467.5809410167	4123827.762051791	0.0
302467.8041087551	4123828.2871143185	0.0
302467.99885652214	4123828.7486380255	0.0
302468.2015408493	4123829.2205220396	0.0
302468.4047210582	4123829.7009060616	0.0
302468.6087706431	4123830.1616557734	0.0
302468.8616970497	4123830.719139536	0.0
302469.13197926804	4123831.2849115874	0.0
302469.3845876979	4123831.816312715	0.0
302469.6431624507	4123832.3435026454	0.0
302469.976393049	4123832.9627491897	0.0
302470.2942723633	4123833.5645935056	0.0
302470.61500419746	4123834.1556385956	0.0
302470.9346660705	4123834.738937345	0.0
302471.2409331721	4123835.2811031668	0.0
302471.49107503047	4123835.776850367	0.0
302471.6790408693	4123836.2667294526	0.0
302472.01676387805	4123836.772927967	0.0
302472.28576179605	4123837.277853352	0.0
302472.55928250833	4123837.79266428	0.0
302472.8075274492	4123838.2455277117	0.0
302473.0899804906	4123838.769010201	0.0
302473.3547162528	4123839.256272421	0.0
302473.610267301	4123839.730428163	0.0
302473.870014753	4123840.2005993985	0.0
302474.1432697131	4123840.6978381644	0.0
302474.4176901888	4123841.200600602	0.0
302474.69268030056	4123841.7024244606	0.0
302474.958476777	4123842.178189506	0.0
302475.2077955243	4123842.6264018184	0.0
302475.4505519115	4123843.0660718493	0.0
302475.710477274	4123843.5249517267	0.0
302475.99686529726	4123844.0333537515	0.0
302476.24950639874	4123844.4844484883	0.0
302476.5236348568	4123844.962237943	0.0
302476.7920880852	4123845.431464244	0.0
302477.12809597456	4123846.0178942257	0.0
302477.4272776594	4123846.5230346518	0.0
302477.7663990334	4123847.103470226	0.0
302478.0478850922	4123847.5670238193	0.0
302478.3088838195	4123847.9960876475	0.0
302478.5674734205	4123848.4296490448	0.0
302478.82197525504	4123848.865527078	0.0
302479.08705325774	4123849.3107781354	0.0
302479.36730845954	4123849.772325329	0.0
302479.6611226308	4123850.2191206324	0.0
302480.03131868655	4123850.749605374	0.0
302480.3643453162	4123851.215646938	0.0
302480.69224037376	4123851.677368393	0.0
302480.99196801824	4123852.086277164	0.0
302481.29135661223	4123852.505926033	0.0
302481.67071756546	4123852.916661679	0.0
302482.1085930534	4123853.2364628194	0.0
302482.717058773	4123853.531895801	0.0
302483.22437642154	4123853.7222028137	0.0
302483.86182792834	4123853.8600429674	0.0
302484.4832745774	4123853.8961197035	0.0
302485.03101484396	4123853.9119115295	0.0
302485.58662616886	4123853.9227072345	0.0
302486.15124797606	4123853.932920879	0.0
302486.71249076014	4123853.937848019	0.0
302487.32843536837	4123853.9161380497	0.0
302487.9471800387	4123853.862535983	0.0
302488.57295621757	4123853.787119255	0.0
302489.1421814464	4123853.6786164744	0.0
302489.71696389216	4123853.542227518	0.0
302490.2208710058	4123853.386412168	0.0
302490.8645830278	4123853.1427456033	0.0
302491.42934869335	4123852.8887243057	0.0
302492.01443115366	4123852.6116505573	0.0
302492.49408454355	4123852.3807261735	0.0
302493.0212164569	4123852.1116773807	0.0
302493.54083406355	4123851.856498125	0.0
302494.0129206944	4123851.6183504215	0.0
302494.4979054175	4123851.368797079	0.0
302495.0067513136	4123851.1085053207	0.0
302495.4702840599	4123850.8651929214	0.0
302495.9561124878	4123850.6137694526	0.0
302496.4124656322	4123850.3734015883	0.0
302496.91413189156	4123850.1097631943	0.0
302497.3949896946	4123849.848279772	0.0
302497.86066634726	4123849.595480215	0.0
302498.3657593054	4123849.3202890344	0.0
302498.82564344385	4123849.0602243743	0.0
302499.2747083083	4123848.8181777988	0.0
302499.80648455356	4123848.51386328	0.0
302500.36997140053	4123848.1991807907	0.0
302500.8764819804	4123847.908783437	0.0
302501.39785222494	4123847.6274733385	0.0
302501.8899950234	4123847.355177598	0.0
302502.42217603175	4123847.0617708787	0.0
302502.88143435214	4123846.8128233617	0.0
302503.40799682186	4123846.5132576707	0.0
302503.91141577176	4123846.229779601	0.0
302504.4570907797	4123845.925138382	0.0
302505.0373289174	4123845.593038753	0.0
302505.5191306601	4123845.315065385	0.0
302506.0317731171	4123845.0149022043	0.0
302506.5992262473	4123844.6864341553	0.0
302507.0950350594	4123844.3938835277	0.0
302507.5366725464	4123844.131658182	0.0
302508.0109251023	4123843.8534925138	0.0
302508.47572362324	4123843.5759193813	0.0
302508.9209488105	4123843.308983796	0.0
302509.4018940461	4123843.0260348385	0.0
302509.9737877834	4123842.7228125343	0.0
302510.4431791445	4123842.4832489444	0.0
302510.93906733586	4123842.256939696	0.0
302511.45710346487	4123842.028814138	0.0
302511.9860550063	4123841.811904052	0.0
302512.48895357014	4123841.6006029425	0.0
302512.9555365079	4123841.4177266904	0.0
302513.5541974321	4123841.1706810333	0.0
302514.0630408395	4123840.966826647	0.0
302514.6360968149	4123840.7318557366	0.0
302515.2167759072	4123840.481347505	0.0
302515.7813520286	4123840.2506469833	0.0
302516.3419099647	4123840.0189308207	0.0
302516.8617554408	4123839.792243337	0.0
302517.37160803797	4123839.5998376687	0.0
302517.8388912247	4123839.4089886663	0.0
302518.3644513131	4123839.2114025713	0.0
302518.9564939777	4123838.978575786	0.0
302519.57667279313	4123838.7469374593	0.0
302520.17105134204	4123838.563090429	0.0
302520.80260300974	4123838.412415574	0.0
302521.4198778719	4123838.258560958	0.0
302522.0183842619	4123838.149556655	0.0
302522.63631213526	4123838.0548983873	0.0
302523.2871904805	4123837.989995958	0.0
302523.9738940201	4123837.9764309907	0.0
302524.69453998364	4123838.034786817	0.0
302525.4186132772	4123838.1445021657	0.0
302526.11788212135	4123838.306611287	0.0
302526.7612009924	4123838.51148486	0.0
302527.3525964564	4123838.729052266	0.0
302527.8996746952	4123838.987075033	0.0
302528.4069716514	4123839.308575981	0.0
302528.9058496181	4123839.6432275586	0.0
302529.4074331212	4123840.0425782185	0.0
302529.8876085329	4123840.5003489014	0.0
302530.24118794705	4123840.871725292	0.0
302530.6820599253	4123841.3504045615	0.0
302531.1254278042	4123841.809411289	0.0
302531.51417152566	4123842.260636303	0.0
302531.88425096637	4123842.748567527	0.0
302532.27326044487	4123843.2551121726	0.0
302532.5936294256	4123843.705170209	0.0
302532.9419826475	4123844.193982657	0.0
302533.2900923292	4123844.685021283	0.0
302533.6631116597	4123845.2098906725	0.0
302533.9745525331	4123845.6514620828	0.0
302534.33373828453	4123846.147976304	0.0
302534.681691254	4123846.6386485933	0.0
302535.01801131177	4123847.1190474876	0.0
302535.32967392623	4123847.5700505744	0.0
302535.6520517876	4123848.030053413	0.0
302535.9760256985	4123848.5013059285	0.0
302536.28180015367	4123848.959849015	0.0
302536.5672572582	4123849.3974058595	0.0
302536.8482480897	4123849.8211900587	0.0
302537.1740491418	4123850.3764061057	0.0
302537.4725922068	4123850.898586792	0.0
302537.7523050618	4123851.3875338547	0.0
302538.05788869306	4123851.919725926	0.0
302538.3400715846	4123852.4130557682	0.0
302538.6360705137	4123852.934001085	0.0
302538.92295867903	4123853.432401269	0.0
302539.23142532405	4123853.961379939	0.0
302539.5165738983	4123854.455010121	0.0
302539.7875280728	4123854.9238092885	0.0
302540.0606913464	4123855.3921864247	0.0
302540.35257604846	4123855.8954650895	0.0
302540.61819857184	4123856.357728396	0.0
302540.8765933153	4123856.795736948	0.0
302541.18372891186	4123857.3121645204	0.0
302541.4762961507	4123857.8067304567	0.0
302541.7470631071	4123858.273868752	0.0
302542.0672796655	4123858.8118229154	0.0
302542.33274545963	4123859.273719882	0.0
302542.6090306593	4123859.723890088	0.0
302542.9048114635	4123860.223006376	0.0
302543.2196918612	4123860.741657293	0.0
302543.5236264559	4123861.247798204	0.0
302543.85667593894	4123861.8030289905	0.0
302544.1403756201	4123862.26653247	0.0
302544.42554512725	4123862.729631308	0.0
302544.6783383367	4123863.1622206364	0.0
302544.99724983354	4123863.688733342	0.0
302545.32555900444	4123864.23741438	0.0
302545.6335290136	4123864.7516020224	0.0
302545.956245593	4123865.2889423887	0.0
302546.2611931114	4123865.794134372	0.0
302546.56181787536	4123866.2853652947	0.0
302546.87992896757	4123866.80930638	0.0
302547.221427539	4123867.3652637047	0.0
302547.5678141576	4123867.940349829	0.0
302547.92020608217	4123868.494015527	0.0
302548.2062624854	4123868.9759673094	0.0
302548.52050723205	4123869.4802005123	0.0
302548.8000141658	4123869.9289998477	0.0
302549.0994121455	4123870.3995356415	0.0
302549.407255403	4123870.889486627	0.0
302549.7051923254	4123871.379670651	0.0
302550.0079214317	4123871.8660412324	0.0
302550.19546114455	4123872.3469912945	0.0
302550.563486923	4123872.818306811	0.0
302550.85841456905	4123873.325214923	0.0
302551.1706848986	4123873.8524391507	0.0
302551.37859845784	4123874.3871546555	0.0
302551.7725773455	4123874.8874364747	0.0
302552.09343212715	4123875.446285039	0.0
302552.34513337514	4123875.914242174	0.0
302552.58965924475	4123876.3790374473	0.0
302552.8828040031	4123876.923364884	0.0
302553.1622719433	4123877.44599473	0.0
302553.43199866125	4123877.9507201714	0.0
302553.6867353291	4123878.440810288	0.0
302553.92896487995	4123878.896037723	0.0
302554.21538219316	4123879.4562515304	0.0
302554.45062779926	4123879.9227454355	0.0
302554.7052428007	4123880.439113591	0.0
302554.9851238914	4123880.9918946805	0.0
302555.2149031315	4123881.458702224	0.0
302555.45462783764	4123881.9332323857	0.0
302555.70224558725	4123882.4351472957	0.0
302555.9676842693	4123882.9462649017	0.0
302556.2231032308	4123883.415059859	0.0
302556.46519326896	4123883.85807824	0.0
302556.72157316376	4123884.3174137585	0.0
302556.9987051791	4123884.809937741	0.0
302557.2407298896	4123885.2501821346	0.0
302557.52572861384	4123885.743816342	0.0
302557.70495308586	4123886.2135754786	0.0
302558.0458938159	4123886.6439946517	0.0
302558.33633703424	4123887.142681829	0.0
302558.6110466432	4123887.6328573665	0.0
302558.8799722402	4123888.0909726517	0.0
302559.1406223333	4123888.5557588725	0.0
302559.39890662313	4123889.008018283	0.0
302559.67215922254	4123889.4865708356	0.0
302559.86703890644	4123889.985111386	0.0
302560.22948828957	4123890.4572990793	0.0
302560.46907750156	4123890.907222722	0.0
302560.7917142181	4123891.47898218	0.0
302561.059317824	4123891.968954858	0.0
302561.3388107862	4123892.4738208554	0.0
302561.6136810178	4123892.9708390357	0.0
302561.8835761735	4123893.445029749	0.0
302562.13335411187	4123893.8878674284	0.0
302562.453303035	4123894.445997479	0.0
302562.76571984234	4123894.9795098477	0.0
302563.0875647911	4123895.549067568	0.0
302563.3416347057	4123895.985698124	0.0
302563.58849020477	4123896.43008487	0.0
302563.84604338056	4123896.8701491943	0.0
302564.1050620713	4123897.31591518	0.0
302564.3699298561	4123897.7839329788	0.0
302564.65410581883	4123898.2677798145	0.0
302564.94074743346	4123898.749533263	0.0
302565.20546283736	4123899.204787166	0.0
302565.53351289744	4123899.755140273	0.0
302565.8293388111	4123900.237417861	0.0
302566.1472954362	4123900.77376061	0.0
302566.4189337938	4123901.227741485	0.0
302566.70960213616	4123901.717171792	0.0
302566.9073295486	4123902.2001196	0.0
302567.30388033984	4123902.6927674473	0.0
302567.5886386632	4123903.1699393624	0.0
302567.8652692567	4123903.6411962635	0.0
302568.14197368704	4123904.1030145846	0.0
302568.44748837233	4123904.619851175	0.0
302568.7209356304	4123905.0878523225	0.0
302568.9853768186	4123905.5629116525	0.0
302569.2440950243	4123906.021082265	0.0
302569.5420081747	4123906.5480896435	0.0
302569.84218700114	4123907.0833703713	0.0
302570.154720451	4123907.6344586667	0.0
302570.46170494397	4123908.182346837	0.0
302570.7693242377	4123908.7194879823	0.0
302571.0760042479	4123909.2670132606	0.0
302571.40204031626	4123909.8449843302	0.0
302571.7343384327	4123910.4250285556	0.0
302572.0817787617	4123911.0387633047	0.0
302572.4214305234	4123911.642134193	0.0
302572.74431782315	4123912.193164072	0.0
302572.99870875204	4123912.6560624666	0.0
302573.2741081589	4123913.137895539	0.0
302573.5534517997	4123913.6238916805	0.0
302573.8342391567	4123914.1083735824	0.0
302574.1197753014	4123914.6060664086	0.0
302574.4194185975	4123915.124891638	0.0
302574.72518486367	4123915.658745834	0.0
302575.07958692004	4123916.2602895834	0.0
302575.3823872821	4123916.787552253	0.0
302575.6755116397	4123917.2808108088	0.0
302576.0073525165	4123917.847728354	0.0
302576.3036339805	4123918.3494243384	0.0
302576.5711617719	4123918.7985061896	0.0
302576.90540300263	4123919.3668475947	0.0
302577.21504363616	4123919.9019059916	0.0
302577.5570080807	4123920.4841285213	0.0
302577.90710019256	4123921.0785573274	0.0
302578.24664233165	4123921.658431381	0.0
302578.55779617926	4123922.20122575	0.0
302578.8536077305	4123922.7081138766	0.0
302579.1210484074	4123923.17866205	0.0
302579.3823704489	4123923.640657435	0.0
302579.64196163975	4123924.0919614374	0.0
302579.8952385306	4123924.538973086	0.0
302580.1529988387	4123924.9816234573	0.0
302580.47298901936	4123925.541603462	0.0
302580.72226064815	4123925.9755717623	0.0
302580.9844826992	4123926.438101128	0.0
302581.25712414883	4123926.9096372533	0.0
302581.5743963024	4123927.4735669806	0.0
302581.8832362422	4123928.0123450765	0.0
302582.1400788436	4123928.4663042924	0.0
302582.420947943	4123928.9605914303	0.0
302582.68577039725	4123929.4393428694	0.0
302582.941825962	4123929.9227413815	0.0
302583.17778644414	4123930.419750106	0.0
302583.43719066196	4123930.9511792962	0.0
302583.7001738596	4123931.4964020345	0.0
302583.9758160349	4123932.0577952713	0.0
302584.2322978112	4123932.578191041	0.0
302584.46055221383	4123933.0494759628	0.0
302584.6872888419	4123933.506548796	0.0
302584.918078494	4123933.984990512	0.0
302585.146876366	4123934.4479360366	0.0
302585.37862697855	4123934.916918312	0.0
302585.62216687156	4123935.4091229206	0.0
302585.87279947416	4123935.919849378	0.0
302586.14835460356	4123936.5215826216	0.0
302586.4150121147	4123937.0720850616	0.0
302586.65158112365	4123937.588693392	0.0
302586.932754576	4123938.184003284	0.0
302587.2033911793	4123938.771604443	0.0
302587.4768587203	4123939.360064209	0.0
302587.70786999236	4123939.8668113207	0.0
302587.9558019854	4123940.407392181	0.0
302588.1973239754	4123940.9333209046	0.0
302588.4311835712	4123941.4479576	0.0
302588.6940837855	4123942.0462878174	0.0
302588.9428638143	4123942.6229308224	0.0
302589.1945053695	4123943.2331831297	0.0
302589.4415460243	4123943.8428035066	0.0
302589.6924005433	4123944.482495098	0.0
302589.9061438056	4123945.148224448	0.0
302590.0644502088	4123945.7464241404	0.0
302590.2353244566	4123946.407240574	0.0
302590.38800824655	4123947.055717332	0.0
302590.49913632206	4123947.692218901	0.0
302590.5429038836	4123948.3266040017	0.0
302590.53437470016	4123948.970360663	0.0
302590.4791716896	4123949.6487066094	0.0
302590.3843308736	4123950.340012157	0.0
302590.3124544728	4123950.856658497	0.0
302590.24146142503	4123951.4989236756	0.0
302590.19018926355	4123952.092800651	0.0
302590.19714535476	4123952.6716154693	0.0
302590.25672866864	4123953.242531241	0.0
302590.32375677576	4123953.796618653	0.0
302590.404592045	4123954.4031166653	0.0
302590.5157593029	4123955.0601563416	0.0
302590.6460297002	4123955.623673496	0.0
302590.7832926758	4123956.1825853246	0.0
302590.9337970598	4123956.700662792	0.0
302591.08652790624	4123957.2127667353	0.0
302591.24300294946	4123957.7331092525	0.0
302591.4226695667	4123958.321184705	0.0
302591.58029698656	4123958.846496103	0.0
302591.7426947948	4123959.36077817	0.0
302591.892181502	4123959.879619729	0.0
302592.0475648601	4123960.3787087635	0.0
302592.2250919466	4123960.9890388986	0.0
302592.36679009465	4123961.484934111	0.0
302592.51839458477	4123962.0183437336	0.0
302592.66217578575	4123962.533618763	0.0
302592.8105838975	4123963.0443441058	0.0
302592.94592860504	4123963.534282555	0.0
302593.12388619955	4123964.169212398	0.0
302593.2718812292	4123964.700116414	0.0
302593.42840412294	4123965.279114325	0.0
302593.58494866407	4123965.8401632146	0.0
302593.7288690143	4123966.380229844	0.0
302593.87160206435	4123966.8949744306	0.0
302594.01323933736	4123967.432319213	0.0
302594.1028835037	4123967.956107549	0.0
302594.27363099897	4123968.4272412295	0.0
302594.42570509366	4123968.9994974453	0.0
302594.5818366956	4123969.6310548703	0.0
302594.7049834304	4123970.1495907647	0.0
302594.8398890238	4123970.708928155	0.0
302594.9448759053	4123971.2415838297	0.0
302595.04851477465	4123971.792404763	0.0
302595.15199278516	4123972.355256834	0.0
302595.26097641606	4123972.9823720376	0.0
302595.37553518044	4123973.657835619	0.0
302595.4680984365	4123974.303840632	0.0
302595.5601876517	4123974.9422703097	0.0
302595.6331471491	4123975.5598707236	0.0
302595.70700246067	4123976.177820142	0.0
302595.7586841871	4123976.8153497865	0.0
302595.80535214965	4123977.5038823173	0.0
302595.84246121685	4123978.0438705157	0.0
302595.88758522074	4123978.6856251885	0.0
302595.9223112053	4123979.2186380574	0.0
302595.9600073292	4123979.758427416	0.0
302595.99147240905	4123980.429554019	0.0
302596.0060033044	4123980.946758659	0.0
302596.02350014565	4123981.5083022453	0.0
302596.0377918243	4123982.01533552	0.0
302596.0488091406	4123982.559268016	0.0
302596.06634992256	4123983.2296118853	0.0
302596.07853707165	4123983.785544225	0.0
302596.0928900915	4123984.402117518	0.0
302596.10645183816	4123985.060527614	0.0
302596.11849596177	4123985.7298905407	0.0
302596.1339926674	4123986.3447716106	0.0
302596.1437055471	4123986.9213011684	0.0
302596.1646553476	4123987.5164401485	0.0
302596.2086137552	4123988.1212149905	0.0
302596.2772028222	4123988.741693745	0.0
302596.3834424011	4123989.39681397	0.0
302596.5261365529	4123990.0734662227	0.0
302596.6854118822	4123990.725488761	0.0
302596.8643297468	4123991.33837676	0.0
302597.01967787766	4123991.905189954	0.0
302597.1780830093	4123992.4573133904	0.0
302597.35135627387	4123993.0629327	0.0
302597.5528650808	4123993.661411687	0.0
302597.6796469193	4123994.1961453096	0.0
302597.88165138074	4123994.784250614	0.0
302598.0711451046	4123995.437967953	0.0
302598.2047581228	4123996.0750899194	0.0
302598.44854086335	4123996.740629129	0.0
302598.61440508056	4123997.6350792586	0.0
302598.71555220766	4123998.29383496	0.0
302598.7981740324	4123998.9071373562	0.0
302598.8611484264	4123999.4272734895	0.0
302598.9297327545	4124000.0035287053	0.0
302598.9983084521	4124000.5982877496	0.0
302599.07629476377	4124001.247226132	0.0
302599.13674256345	4124001.760575345	0.0
302599.2009739179	4124002.3404486277	0.0
302599.27038004465	4124002.9013265115	0.0
302599.336507579	4124003.5303748394	0.0
302599.40239979513	4124004.0361945634	0.0
302599.4639655227	4124004.641110432	0.0
302599.54078206536	4124005.303213902	0.0
302599.62052535964	4124006.0017006802	0.0
302599.719285196	4124006.7162084472	0.0
302599.80670384585	4124007.432833306	0.0
302599.9027979847	4124008.153509967	0.0
302600.00002276665	4124008.8782308334	0.0
302600.07586016046	4124009.3728995263	0.0
302600.17892509233	4124010.0943374285	0.0
302600.2898435355	4124010.7974570757	0.0
302600.3929866343	4124011.4970588647	0.0
302600.50164796796	4124012.1608188762	0.0
302600.60684328724	4124012.7841374665	0.0
302600.7061636054	4124013.402968319	0.0
302600.8031355947	4124014.0037208507	0.0
302600.8879226386	4124014.5707132802	0.0
302600.9555150502	4124015.0796386437	0.0
302601.0359319112	4124015.693548026	0.0
302601.0893257868	4124016.246372924	0.0
302601.16932957096	4124016.7486330722	0.0
302601.22134909825	4124017.2609609105	0.0
302601.3196957586	4124017.8773335507	0.0
302601.39591152786	4124018.4132564394	0.0
302601.4831252163	4124019.026820939	0.0
302601.5662815378	4124019.612540389	0.0
302601.6412493476	4124020.1771732485	0.0
302601.7218397258	4124020.697820284	0.0
302601.8069747463	4124021.3110636002	0.0
302601.8910661149	4124021.930252623	0.0
302601.96920865495	4124022.5669749603	0.0
302602.03926716035	4124023.2122140513	0.0
302602.0922522558	4124023.8728380753	0.0
302602.1972614572	4124024.552046547	0.0
302602.27614784066	4124025.258139986	0.0
302602.35845215	4124025.946019491	0.0
302602.4286063317	4124026.601618366	0.0
302602.50857528584	4124027.253100654	0.0
302602.5885355825	4124027.916795539	0.0
302602.67123564414	4124028.6215040395	0.0
302602.7641550598	4124029.3644597395	0.0
302602.8269855685	4124029.8659106214	0.0
302602.89539099636	4124030.3716712585	0.0
302602.9981120907	4124031.103664343	0.0
302603.0567642682	4124031.7859939127	0.0
302603.11474217847	4124032.4082025583	0.0
302603.1679973635	4124032.9931449504	0.0
302603.19081675296	4124033.5923107835	0.0
302603.20633416134	4124034.2203297913	0.0
302603.24268734246	4124034.860624629	0.0
302603.2729918414	4124035.765479359	0.0
302603.2910056599	4124036.2672441048	0.0
302603.3082758904	4124036.7751325346	0.0
302603.3262592156	4124037.5089094364	0.0
302603.3589164289	4124038.198720736	0.0
302603.37071668555	4124038.8514361633	0.0
302603.38854402024	4124039.4836558597	0.0
302603.4040926825	4124040.1133386367	0.0
302603.4238985197	4124040.7164611095	0.0
302603.4332937376	4124041.2983642165	0.0
302603.4585221191	4124041.861576367	0.0
302603.4761665953	4124042.43569898	0.0
302603.49526364333	4124043.0464246096	0.0
302603.5148521196	4124043.665465316	0.0
302603.53007024224	4124044.2810931145	0.0
302603.5529549358	4124044.895615432	0.0
302603.5748003144	4124045.5099771526	0.0
302603.60439056985	4124046.1328534344	0.0
302603.6249792932	4124046.7692640275	0.0
302603.65610893746	4124047.38840338	0.0
302603.68580809655	4124048.059941639	0.0
302603.73206693947	4124048.79400277	0.0
302603.75370315765	4124049.298827949	0.0
302603.7911734602	4124050.0240289955	0.0
302603.8306656999	4124050.709399696	0.0
302603.8639568267	4124051.3889950747	0.0
302603.91346820595	4124052.0726498542	0.0
302603.96254912345	4124052.7694523316	0.0
302603.995317808	4124053.2947397577	0.0
302604.025885813	4124053.9664294664	0.0
302604.067213601	4124054.5464845262	0.0
302604.0891720131	4124055.1530720736	0.0
302604.1030723038	4124055.712664889	0.0
302604.0463345307	4124056.369767768	0.0
302603.9093913254	4124057.000631431	0.0
302603.75975414726	4124057.5131853926	0.0
302603.6103125832	4124058.002605226	0.0
302603.4868804631	4124058.622974147	0.0
302603.33095105935	4124059.163616582	0.0
302603.1744953032	4124059.6567170764	0.0
302602.97447612823	4124060.316634612	0.0
302602.8251173618	4124060.822150675	0.0
302602.74596983654	4124061.3162712986	0.0
302602.425947297	4124061.7637512316	0.0
302602.0452356932	4124062.3831396326	0.0
302601.6615669783	4124062.971141436	0.0
302601.2777417416	4124063.5524856374	0.0
302601.01715890924	4124064.1386033692	0.0
302600.65873823664	4124064.531637831	0.0
302600.31482008554	4124065.1114884154	0.0
302600.0117830502	4124065.6998143927	0.0
302599.7605681514	4124066.2963584396	0.0
302599.5249602831	4124066.8771774257	0.0
302599.32001427724	4124067.453389528	0.0
302599.10964995454	4124068.0256582727	0.0
302598.91043531656	4124068.57509037	0.0
302598.7488662102	4124069.0897754524	0.0
302598.5834181234	4124069.590489014	0.0
302598.42960688274	4124070.0953697623	0.0
302598.26306748623	4124070.6251596934	0.0
302598.0957802462	4124071.173470848	0.0
302597.9116602382	4124071.836345279	0.0
302597.7812532707	4124072.3676908966	0.0
302597.6496724259	4124072.9434728315	0.0
302597.5250624687	4124073.538889703	0.0
302597.4204904563	4124074.06796239	0.0
302597.3466194999	4124074.6129662795	0.0
302597.2894911162	4124075.2660076558	0.0
302597.269425126	4124075.8091909923	0.0
302597.249223901	4124076.498652361	0.0
302597.2100391033	4124077.1839269516	0.0
302597.2093507997	4124077.8088106485	0.0
302597.21510266565	4124078.4181848685	0.0
302597.2231243104	4124078.991978738	0.0
302597.23312012886	4124079.549072914	0.0
302597.24174607545	4124080.091951516	0.0
302597.24987189507	4124080.626145172	0.0
302597.2649988695	4124081.1498121405	0.0
302597.26249296986	4124081.791761926	0.0
302597.2593000438	4124082.442239542	0.0
302597.25509394053	4124083.0999574014	0.0
302597.2552706857	4124083.6546920096	0.0
302597.2491726823	4124084.2571285195	0.0
302597.24296207674	4124084.949125238	0.0
302597.24273803807	4124085.4948189463	0.0
302597.23811062943	4124086.114042723	0.0
302597.23254750704	4124086.7140611834	0.0
302597.2321850001	4124087.258446447	0.0
302597.2339355862	4124087.834811379	0.0
302597.23292113957	4124088.3527336973	0.0
302597.23421554675	4124088.917248945	0.0
302597.23524886	4124089.4455032256	0.0
302597.23553905083	4124090.0679584504	0.0
302597.24029462266	4124090.5720704696	0.0
302597.2459809282	4124091.1031758958	0.0
302597.2341076546	4124091.623592136	0.0
302597.2291311766	4124092.1353344973	0.0
302597.22170199	4124092.7772315023	0.0
302597.212291306	4124093.394347352	0.0
302597.20520635974	4124094.017716185	0.0
302597.1952856891	4124094.551964224	0.0
302597.1855611764	4124095.176320322	0.0
302597.175292652	4124095.7146473406	0.0
302597.1677769235	4124096.2819603146	0.0
302597.14676311065	4124096.8225754565	0.0
302597.1364944362	4124097.3294463144	0.0
302597.1217257065	4124097.972054607	0.0
302597.1059042346	4124098.538452712	0.0
302597.0675532669	4124099.184761263	0.0
302597.027866837	4124099.7428389164	0.0
302596.9869671584	4124100.2996498505	0.0
302596.9483241376	4124100.8077431703	0.0
302596.8947748197	4124101.4242482674	0.0
302596.8572495807	4124101.967287156	0.0
302596.8100051871	4124102.487055026	0.0
302596.7689400708	4124102.999091077	0.0
302596.7175871802	4124103.6838229108	0.0
302596.6473923051	4124104.429134693	0.0
302596.6070545702	4124105.154500479	0.0
302596.58075794554	4124105.8038561847	0.0
302596.55917496356	4124106.4146134807	0.0
302596.52792084194	4124107.035590199	0.0
302596.5050251245	4124107.741487024	0.0
302596.4880610239	4124108.479440656	0.0
302596.4544591205	4124109.1767075467	0.0
302596.423153013	4124109.8269212246	0.0
302596.38510214	4124110.448242841	0.0
302596.34639911726	4124111.092154223	0.0
302596.30136919767	4124111.781548303	0.0
302596.22447314404	4124112.4872349137	0.0
302596.1341141105	4124113.2180330306	0.0
302596.0687406225	4124113.7154678474	0.0
302595.97021071246	4124114.451084055	0.0
302595.8672321074	4124115.1610848513	0.0
302595.7902441731	4124115.74964566	0.0
302595.70499414136	4124116.3643058767	0.0
302595.64934780076	4124116.8720755083	0.0
302595.5655372297	4124117.3725179615	0.0
302595.44622916786	4124117.954302612	0.0
302595.33243464207	4124118.456021911	0.0
302595.1452329483	4124119.094729263	0.0
302594.9480686978	4124119.724974232	0.0
302594.7950025286	4124120.2426051437	0.0
302594.6379355658	4124120.7347951494	0.0
302594.457652348	4124121.34058838	0.0
302594.25115577795	4124121.8948179157	0.0
302594.0372669564	4124122.4932599613	0.0
302593.8116458331	4124123.1023399937	0.0
302593.62478700525	4124123.58579388	0.0
302593.41994710267	4124124.097241096	0.0
302593.1055070279	4124124.7289492064	0.0
302592.689441156	4124125.3293709736	0.0
302592.2608599969	4124125.89456016	0.0
302591.78511455376	4124126.467149921	0.0
302591.46778141585	4124126.8563435627	0.0
302591.1114590175	4124127.2168484507	0.0
302590.74545260664	4124127.605891679	0.0
302590.3532591392	4124127.975937011	0.0
302589.9376877727	4124128.3269183734	0.0
302589.5406716862	4124128.674317711	0.0
302589.14361631946	4124128.994887731	0.0
302588.54384104087	4124129.4327279427	0.0
302588.06297127274	4124129.674223485	0.0
302587.59312542016	4124129.9630140956	0.0
302586.96538438136	4124130.343965915	0.0
302586.50016504293	4124130.57158579	0.0
302586.0226695109	4124130.7615619977	0.0
302585.38524304505	4124130.9508590996	0.0
302584.6737041467	4124131.121360427	0.0
302583.96717928024	4124131.3100624764	0.0
302583.2873499353	4124131.4639049554	0.0
302582.6322117591	4124131.629749191	0.0
302582.01772758237	4124131.7126661506	0.0
302581.43013436534	4124131.7312981477	0.0
302580.87989922636	4124131.709268656	0.0
302580.37825011153	4124131.6459434982	0.0
302579.72937581816	4124131.493193122	0.0
302579.2612661561	4124131.3149117166	0.0
302578.7516969489	4124131.078393915	0.0
302578.26832743245	4124130.804807723	0.0
302577.72382131225	4124130.491766579	0.0
302577.2765360413	4124130.2239929754	0.0
302576.7590081176	4124129.894404185	0.0
302576.31443164486	4124129.590854901	0.0
302575.86963773763	4124129.2906414093	0.0
302575.42706590856	4124128.9905607067	0.0
302575.0012186812	4124128.7034092387	0.0
302574.5768760818	4124128.4236238534	0.0
302574.0400230979	4124128.108922622	0.0
302573.49697816256	4124127.8454370983	0.0
302572.9694014437	4124127.635803398	0.0
302572.4204477201	4124127.4858841975	0.0
302571.8946587949	4124127.345967208	0.0
302571.3584680452	4124127.197783255	0.0
302570.83311877504	4124127.114292066	0.0
302570.3233727233	4124127.10296812	0.0
302569.80533832737	4124127.091469098	0.0
302569.2126523582	4124127.0822812393	0.0
302568.6893128406	4124127.0842296937	0.0
302568.10441080655	4124127.07892961	0.0
302567.5338419309	4124127.1106697475	0.0
302566.97018300416	4124127.1531645227	0.0
302566.44716105063	4124127.1686133	0.0
302565.81373821734	4124127.2010919387	0.0
302565.2691605686	4124127.22463434	0.0
302564.7484608431	4124127.250760704	0.0
302564.19355533645	4124127.2691800687	0.0
302563.666293626	4124127.2930553863	0.0
302563.1006820848	4124127.3217186313	0.0
302562.53124817356	4124127.351397012	0.0
302562.0145230234	4124127.376689903	0.0
302561.5085821542	4124127.388776596	0.0
302560.87943817663	4124127.4082024093	0.0
302560.2852782088	4124127.418108598	0.0
302559.6260812548	4124127.423993673	0.0
302559.0787812011	4124127.4261363037	0.0
302558.5489884411	4124127.430457633	0.0
302557.9276151658	4124127.4343428505	0.0
302557.38398092357	4124127.4351041024	0.0
302556.8006748891	4124127.4410544788	0.0
302556.20414494793	4124127.450831671	0.0
302555.55564101995	4124127.4522096813	0.0
302554.90140571387	4124127.45520286	0.0
302554.3585150649	4124127.45613185	0.0
302553.79860845965	4124127.4506148277	0.0
302553.2260172759	4124127.4592739693	0.0
302552.7171061869	4124127.4582934827	0.0
302552.1232026049	4124127.4539464186	0.0
302551.5270421704	4124127.4542783974	0.0
302550.94133997994	4124127.4526990606	0.0
302550.36456974177	4124127.4535001474	0.0
302549.8192134671	4124127.456522833	0.0
302549.28324568004	4124127.456179071	0.0
302548.74863907136	4124127.463389811	0.0
302548.16323699395	4124127.46827988	0.0
302547.49441663874	4124127.473837191	0.0
302546.79193851916	4124127.482406811	0.0
302546.0901040111	4124127.4931817837	0.0
302545.4151000205	4124127.499994954	0.0
302544.77621939493	4124127.501702509	0.0
302544.10088031937	4124127.48798463	0.0
302543.39543181943	4124127.470904359	0.0
302542.64962448506	4124127.461249906	0.0
302541.9643922156	4124127.4294463457	0.0
302541.2609264379	4124127.396036407	0.0
302540.545667085	4124127.339219331	0.0
302539.8417874152	4124127.244202135	0.0
302539.1397944271	4124127.103621661	0.0
302538.42495944386	4124126.9076474234	0.0
302537.9345494651	4124126.756168062	0.0
302537.4483575255	4124126.601628908	0.0
302536.9705403719	4124126.406924892	0.0
302536.48872663244	4124126.1932561817	0.0
302535.99491519807	4124125.9789445847	0.0
302535.4834439093	4124125.737108003	0.0
302534.9643536383	4124125.473246337	0.0
302534.4434971708	4124125.1594664305	0.0
302533.92109205056	4124124.8050149865	0.0
302533.424830045	4124124.4236733317	0.0
302533.02646756684	4124124.0849922434	0.0
302532.65187866206	4124123.750747828	0.0
302532.2376776821	4124123.3362044175	0.0
302531.86176132376	4124122.920390219	0.0
302531.4339953075	4124122.369424106	0.0
302531.14155368693	4124121.9490554845	0.0
302530.76016839535	4124121.332235447	0.0
302530.4275785285	4124120.739617375	0.0
302530.1378655459	4124120.1585730007	0.0
302529.87082098017	4124119.534992044	0.0
302529.63048142433	4124118.9524159767	0.0
302529.4616584248	4124118.3851806493	0.0
302529.32580206555	4124117.8358583744	0.0
302529.22664668586	4124117.2242405335	0.0
302529.1774946078	4124116.5561203556	0.0
302529.14921424224	4124115.8839281523	0.0
302529.0842087612	4124115.2256831	0.0
302529.0417189265	4124114.576649963	0.0
302528.99499328394	4124113.904771972	0.0
302528.938552642	4124113.2098079673	0.0
302528.9774283846	4124112.535730946	0.0
302529.10979385214	4124111.8614897393	0.0
302529.31314926373	4124111.1613385505	0.0
302529.48562428163	4124110.6891385876	0.0
302529.6515329595	4124110.2145026107	0.0
302529.82949591277	4124109.742913686	0.0
302529.9667256244	4124109.2502637864	0.0
302530.1025726503	4124108.7680084603	0.0
302530.3027232945	4124108.063676873	0.0
302530.48143171356	4124107.397412158	0.0
302530.65970138006	4124106.762798993	0.0
302530.8055659885	4124106.1592942043	0.0
302530.94770421693	4124105.5797467856	0.0
302531.0656864975	4124105.0235271687	0.0
302531.1993525889	4124104.354251405	0.0
302531.26973126596	4124103.8056280497	0.0
302531.36248974234	4124103.0827290043	0.0
302531.3825423139	4124102.5203017415	0.0
302531.3811900406	4124101.865489815	0.0
302531.3810389717	4124101.286884614	0.0
302531.37235218927	4124100.747892987	0.0
302531.3643935779	4124100.0260682856	0.0
302531.3520438469	4124099.3754008645	0.0
302531.34858054726	4124098.669899057	0.0
302531.33761985216	4124098.0580961807	0.0
302531.3318318194	4124097.384514908	0.0
302531.33341148135	4124096.80401863	0.0
302531.32811520144	4124096.157626137	0.0
302531.3308249764	4124095.5371354143	0.0
302531.3274559396	4124094.953794984	0.0
302531.3260051146	4124094.407971808	0.0
302531.32359297166	4124093.8401519246	0.0
302531.32068498514	4124093.2638320304	0.0
302531.3199509338	4124092.6604456804	0.0
302531.3117963337	4124091.9114252534	0.0
302531.30733415985	4124091.199880338	0.0
302531.29636226164	4124090.4945947775	0.0
302531.28964341234	4124089.800311341	0.0
302531.280363151	4124089.0977615295	0.0
302531.2714312143	4124088.428880145	0.0
302531.2583945745	4124087.7867405694	0.0
302531.2489809076	4124087.191700031	0.0
302531.237541566	4124086.6551786475	0.0
302531.22015388537	4124085.8218138316	0.0
302531.2029818451	4124085.186247825	0.0
302531.18578732054	4124084.4931360376	0.0
302531.17099034047	4124083.914505357	0.0
302531.15419386997	4124083.4017946688	0.0
302531.1403589429	4124082.9017818137	0.0
302531.11917743366	4124082.259278758	0.0
302531.09388556285	4124081.542672825	0.0
302531.1039610846	4124080.857986238	0.0
302531.12206886266	4124080.20660226	0.0
302531.1379200411	4124079.578770992	0.0
302531.15482907393	4124079.039917331	0.0
302531.1677109884	4124078.47451318	0.0
302531.18864062283	4124077.792161741	0.0
302531.20661742357	4124077.0974823367	0.0
302531.22475078533	4124076.4031693228	0.0
302531.2403065424	4124075.7942187213	0.0
302531.2555700646	4124075.1162564284	0.0
302531.2751560224	4124074.4333814993	0.0
302531.29217194556	4124073.748161562	0.0
302531.30695374194	4124073.144040117	0.0
302531.32135621033	4124072.4609170696	0.0
302531.33865955786	4124071.806776481	0.0
302531.34959843254	4124071.297114	0.0
302531.3647525109	4124070.5579072516	0.0
302531.3798592165	4124069.854413638	0.0
302531.3844080218	4124069.1863253294	0.0
302531.382129782	4124068.5361611345	0.0
302531.3555086126	4124067.920246274	0.0
302531.3285660327	4124067.334684941	0.0
302531.33332030557	4124066.750783348	0.0
302531.3332729082	4124066.101121779	0.0
302531.3340905564	4124065.425349731	0.0
302531.335126711	4124064.8343192	0.0
302531.3375277846	4124064.2006981913	0.0
302531.33711321227	4124063.553290618	0.0
302531.3454304078	4124062.926906959	0.0
302531.3489593433	4124062.416678674	0.0
302531.3592706326	4124061.7923084204	0.0
302531.36642095144	4124061.20335448	0.0
302531.3753358443	4124060.538494118	0.0
302531.3827085501	4124059.99671922	0.0
302531.3931365411	4124059.3144298424	0.0
302531.40129486535	4124058.655138372	0.0
302531.40951569565	4124058.1242606677	0.0
302531.4116352811	4124057.579278709	0.0
302531.4229640947	4124056.94785314	0.0
302531.42819736124	4124056.409459235	0.0
302531.43243917753	4124055.8729390204	0.0
302531.4369943432	4124055.3560252893	0.0
302531.44237294164	4124054.6163084037	0.0
302531.4450212283	4124053.924025064	0.0
302531.44729984936	4124053.2286048047	0.0
302531.4488566215	4124052.5339416736	0.0
302531.4507219962	4124051.827243921	0.0
302531.4465612726	4124051.203954306	0.0
302531.4668739164	4124050.5393809113	0.0
302531.4735567105	4124049.902323271	0.0
302531.48724870133	4124049.280099189	0.0
302531.4915323218	4124048.757239747	0.0
302531.5057036334	4124048.1970172543	0.0
302531.5137240832	4124047.63246766	0.0
302531.52443989913	4124047.006422578	0.0
302531.52781912294	4124046.338916925	0.0
302531.5330070689	4124045.647684064	0.0
302531.5489400643	4124044.928998062	0.0
302531.5514817749	4124044.401954711	0.0
302531.55678466416	4124043.8602285273	0.0
302531.56276171224	4124043.32829341	0.0
302531.56490765885	4124042.7970035356	0.0
302531.5691930786	4124042.262332672	0.0
302531.57497666555	4124041.558688367	0.0
302531.5748920985	4124041.0520608057	0.0
302531.57441027445	4124040.4216532693	0.0
302531.57085377973	4124039.7737396145	0.0
302531.56722806464	4124039.1543231895	0.0
302531.5650117302	4124038.569660441	0.0
302531.5576466728	4124037.9862290444	0.0
302531.5522814668	4124037.3620426003	0.0
302531.5430757542	4124036.681510422	0.0
302531.5311861732	4124035.937203843	0.0
302531.52332193987	4124035.4268735535	0.0
302531.51205718284	4124034.9229145045	0.0
302531.496997521	4124034.1821982004	0.0
302531.47902447905	4124033.4559832746	0.0
302531.4578250223	4124032.749828183	0.0
302531.4848828783	4124032.1141468273	0.0
302531.5119284677	4124031.540823015	0.0
302531.553908012	4124031.036351452	0.0
302531.59017244476	4124030.446157479	0.0
302531.62175020145	4124029.9460014375	0.0
302531.6566236828	4124029.4035795713	0.0
302531.6842005771	4124028.890565113	0.0
302531.7150954194	4124028.373956905	0.0
302531.75212021475	4124027.7280491074	0.0
302531.78434894	4124027.1172260144	0.0
302531.8181299317	4124026.4906383147	0.0
302531.84954979556	4124025.8768736725	0.0
302531.8805827502	4124025.271814843	0.0
302531.909597985	4124024.6690239212	0.0
302531.93344304943	4124024.0917046173	0.0
302531.95931469835	4124023.5250697434	0.0
302531.9799638851	4124022.9753960455	0.0
302531.9959213336	4124022.4589542355	0.0
302532.0206310171	4124021.8177770516	0.0
302532.04608585185	4124021.302592093	0.0
302532.0793278775	4124020.69081999	0.0
302532.1130749157	4124020.1256651683	0.0
302532.15700494347	4124019.43999715	0.0
302532.25202285	4124018.787914047	0.0
302532.34443156235	4124018.1318215323	0.0
302532.4140130284	4124017.5214500334	0.0
302532.54560129764	4124016.94248601	0.0
302532.6525792326	4124016.3963324074	0.0
302532.7571962702	4124015.8818755643	0.0
302532.8997319535	4124015.262536209	0.0
302533.0613977519	4124014.6891909186	0.0
302533.22129954747	4124014.085656733	0.0
302533.4841741746	4124013.600482634	0.0
302533.73661797727	4124013.0814377796	0.0
302534.0005427159	4124012.6102322806	0.0
302534.32412538276	4124012.0778565295	0.0
302534.6524525823	4124011.5585067538	0.0
302534.9211523704	4124011.1016217885	0.0
302535.24667110475	4124010.638959235	0.0
302535.54103695037	4124010.222918614	0.0
302535.8729527313	4124009.7743533915	0.0
302536.2046646411	4124009.3674261556	0.0
302536.58670746157	4124008.9619053677	0.0
302537.065824309	4124008.545034069	0.0
302537.5128879461	4124008.1616683095	0.0
302537.9287591633	4124007.79180391	0.0
302538.3599900667	4124007.4522942165	0.0
302538.8054016859	4124007.0993133583	0.0
302539.22347431595	4124006.810443154	0.0
302539.67490937596	4124006.5059851995	0.0
302540.10718022153	4124006.210674826	0.0
302540.52985398937	4124005.941310303	0.0
302541.1104862621	4124005.6138290903	0.0
302541.64273255167	4124005.3801894174	0.0
302542.3276714913	4124005.116127387	0.0
302542.8975687965	4124004.9422939704	0.0
302543.3728883188	4124004.7157093203	0.0
302544.06586836686	4124004.56749648	0.0
302544.7035910734	4124004.3904022714	0.0
302545.31080837507	4124004.2245728155	0.0
302545.8910430956	4124004.112853664	0.0
302546.4188813367	4124003.9999616924	0.0
302547.05283909093	4124003.908072945	0.0
302547.5998073221	4124003.834883908	0.0
302548.13228168874	4124003.768142063	0.0
302548.71113824635	4124003.685876308	0.0
302549.26321193326	4124003.628480399	0.0
302549.90619770926	4124003.5619145054	0.0
302550.4063228242	4124003.50352029	0.0
302551.1299235088	4124003.46170332	0.0
302551.76689095737	4124003.4097119793	0.0
302552.4290894794	4124003.39894536	0.0
302552.9570508304	4124003.4170566243	0.0
302553.5102688669	4124003.4271723325	0.0
302554.12745507126	4124003.4398541045	0.0
302554.74621550733	4124003.4565696875	0.0
302555.2766032766	4124003.4646320557	0.0
302555.87016339414	4124003.4728737455	0.0
302556.4838880584	4124003.4830466104	0.0
302557.05342638906	4124003.488892879	0.0
302557.6577014543	4124003.4935519896	0.0
302558.29483466514	4124003.4989185017	0.0
302558.9381124424	4124003.501364979	0.0
302559.53737349267	4124003.5004060427	0.0
302560.0793937091	4124003.49986845	0.0
302560.715109171	4124003.4952765354	0.0
302561.245035842	4124003.490027512	0.0
302561.83482554194	4124003.482630228	0.0
302562.4486891655	4124003.473556482	0.0
302563.1695244014	4124003.4651121376	0.0
302563.76093612757	4124003.4574917983	0.0
302564.3323094066	4124003.447012203	0.0
302564.97109926527	4124003.4347618036	0.0
302565.4753385695	4124003.419200136	0.0
302566.0839359306	4124003.4000735357	0.0
302566.7256392947	4124003.37961314	0.0
302567.3198036199	4124003.363231599	0.0
302568.00043594814	4124003.362579672	0.0
302568.70021515293	4124003.352040577	0.0
302569.4320480372	4124003.3457435546	0.0
302570.0872452564	4124003.339213811	0.0
302570.82706654025	4124003.332914044	0.0
302571.547749548	4124003.3242889633	0.0
302572.25432997494	4124003.313590188	0.0
302572.9199203447	4124003.302375329	0.0
302573.54151144123	4124003.2947859596	0.0
302574.17777468736	4124003.2757493486	0.0
302574.8651820342	4124003.2612459366	0.0
302575.4022751234	4124003.246207356	0.0
302576.0840988151	4124003.2270244337	0.0
302576.6860819325	4124003.209719503	0.0
302577.3495675123	4124003.190782979	0.0
302577.9205971724	4124003.171985758	0.0
302578.57492018107	4124003.1471586474	0.0
302579.12799004326	4124003.1258233585	0.0
302579.85874865693	4124003.099013485	0.0
302580.36670598335	4124003.0779992123	0.0
302580.98146526853	4124003.050402127	0.0
302581.51695799653	4124003.0239293324	0.0
302582.0426053651	4124002.9814049443	0.0
302582.537137927	4124002.8613420804	0.0
302583.2283096438	4124002.5854795943	0.0
302583.80565227184	4124002.3507820005	0.0
302584.365969589	4124002.0274824393	0.0
302584.86002665904	4124001.629321385	0.0
302585.2794524452	4124001.1651924173	0.0
302585.6576397965	4124000.6019287817	0.0
302585.94162336	4124000.0839942843	0.0
302586.15819028276	4123999.555248003	0.0
302586.38051456364	4123998.981957613	0.0
302586.5682067884	4123998.4646225804	0.0
302586.7751284919	4123997.9220404215	0.0
302586.9680215536	4123997.37423713	0.0
302587.174616995	4123996.7989112395	0.0
302587.366896956	4123996.2501972015	0.0
302587.57757998095	4123995.6410985854	0.0
302587.77577830706	4123995.0609742333	0.0
302587.9318607482	4123994.5708428845	0.0
302588.0762495387	4123994.036392831	0.0
302588.20363482623	4123993.4205566677	0.0
302588.3004318456	4123992.7873063805	0.0
302588.3499901574	4123992.221225077	0.0
302588.3615363412	4123991.4919106397	0.0
302588.37323944026	4123990.832166146	0.0
302588.38351666037	4123990.2627528887	0.0
302588.3819701143	4123989.718967687	0.0
302588.38225448073	4123989.202709827	0.0
302588.3667005192	4123988.560259676	0.0
302588.35321279755	4123988.043400549	0.0
302588.34128570615	4123987.4230694496	0.0
302588.3271843776	4123986.8172223135	0.0
302588.3069300497	4123986.2705464615	0.0
302588.289832994	4123985.757472952	0.0
302588.2621285664	4123985.032412333	0.0
302588.2387390358	4123984.5159711326	0.0
302588.2114226772	4123983.9961065976	0.0
302588.1763651159	4123983.348379043	0.0
302588.13017490343	4123982.667606797	0.0
302588.0932611929	4123982.1611055657	0.0
302588.04532305675	4123981.5255232793	0.0
302588.0006812496	4123980.904296292	0.0
302587.9419977577	4123980.2898758287	0.0
302587.89459902054	4123979.689807819	0.0
302587.8566852823	4123978.9839812964	0.0
302587.7839026216	4123978.4238027544	0.0
302587.7183349926	4123977.761989886	0.0
302587.66371365497	4123977.2573854234	0.0
302587.58172089106	4123976.5262002	0.0
302587.50258533587	4123975.828439339	0.0
302587.41693568573	4123975.161917779	0.0
302587.3400878282	4123974.5299760215	0.0
302587.25337299635	4123973.912514125	0.0
302587.1799478864	4123973.3569118422	0.0
302587.09749494644	4123972.788569354	0.0
302587.00733161427	4123972.169153168	0.0
302586.9210648503	4123971.589613168	0.0
302586.81871675025	4123970.9930579877	0.0
302586.7107324555	4123970.326691664	0.0
302586.5984910327	4123969.699468118	0.0
302586.4858452849	4123969.0927931066	0.0
302586.3545259965	4123968.3903384376	0.0
302586.22008054075	4123967.7876918395	0.0
302586.09818573913	4123967.2846696354	0.0
302585.9652408273	4123966.7395340255	0.0
302585.8071865684	4123966.1331868717	0.0
302585.63224604784	4123965.431573133	0.0
302585.44541197014	4123964.7274635867	0.0
302585.24598421296	4123964.0225400254	0.0
302585.0560669689	4123963.332010649	0.0
302584.8603139493	4123962.6638228814	0.0
302584.6770677307	4123962.024206617	0.0
302584.47747055936	4123961.3749829675	0.0
302584.3452436029	4123960.7289594663	0.0
302584.1486382934	4123960.0847846833	0.0
302583.87667860184	4123959.4429021385	0.0
302583.70917933446	4123958.9255945617	0.0
302583.4760321258	4123958.2462589694	0.0
302583.2988614644	4123957.7328795944	0.0
302583.13297992817	4123957.2340376037	0.0
302582.94146289426	4123956.6893544593	0.0
302582.7568080764	4123956.1596828923	0.0
302582.5657042507	4123955.638859715	0.0
302582.37417862716	4123955.1252628737	0.0
302582.25149297796	4123954.5955170407	0.0
302581.9836083833	4123954.0740063023	0.0
302581.76443368965	4123953.498147452	0.0
302581.55340415123	4123952.954108305	0.0
302581.3614393447	4123952.4658717792	0.0
302581.1441912011	4123951.9216088303	0.0
302580.9005116423	4123951.3165355166	0.0
302580.6972576451	4123950.82005286	0.0
302580.4709338282	4123950.279889147	0.0
302580.32375636266	4123949.747106656	0.0
302580.06803507556	4123949.283138235	0.0
302579.8404021751	4123948.7313480414	0.0
302579.6076378245	4123948.175237674	0.0
302579.40819758864	4123947.7025350183	0.0
302579.20254739374	4123947.217395959	0.0
302578.936828434	4123946.574723595	0.0
302578.6956354599	4123945.874113136	0.0
302578.46739715995	4123945.189666209	0.0
302578.243898929	4123944.518060337	0.0
302578.04676710546	4123943.9485294437	0.0
302577.84125524753	4123943.349774892	0.0
302577.6362565578	4123942.760260087	0.0
302577.44048148405	4123942.1980987443	0.0
302577.2705944106	4123941.723960877	0.0
302577.0384119225	4123941.0793895437	0.0
302576.8245985159	4123940.5050700186	0.0
302576.61107640236	4123939.924267377	0.0
302576.39493631216	4123939.332794211	0.0
302576.1717556699	4123938.7313096547	0.0
302575.9340938093	4123938.0990796173	0.0
302575.70507712977	4123937.4821892907	0.0
302575.47839582636	4123936.8954049502	0.0
302575.26618710434	4123936.357869928	0.0
302575.0715907816	4123935.8835731274	0.0
302574.8515893231	4123935.360654232	0.0
302574.58788760146	4123934.734587791	0.0
302574.3544660824	4123934.2008823804	0.0
302574.12184019596	4123933.6443988	0.0
302573.9091706348	4123933.1501731304	0.0
302573.66833884944	4123932.603319419	0.0
302573.4277985912	4123932.0877299863	0.0
302573.1496464395	4123931.5139986575	0.0
302572.8845620483	4123930.954947907	0.0
302572.6367115582	4123930.430463658	0.0
302572.35405839153	4123929.847771441	0.0
302572.0776498227	4123929.26012141	0.0
302571.7939398149	4123928.6702376525	0.0
302571.50848153693	4123928.068922775	0.0
302571.22285796585	4123927.4668716467	0.0
302570.9343687022	4123926.8813561597	0.0
302570.65198500815	4123926.3101298986	0.0
302570.3822647551	4123925.767841516	0.0
302570.1232074193	4123925.2323337123	0.0
302569.84475081787	4123924.7148606577	0.0
302569.5665550505	4123924.189609951	0.0
302569.25940556556	4123923.615820636	0.0
302568.95422612375	4123923.062894088	0.0
302568.65586977894	4123922.5233147107	0.0
302568.33205613797	4123921.951767748	0.0
302568.0722726073	4123921.454579586	0.0
302567.777790862	4123920.922495583	0.0
302567.4717108451	4123920.337578988	0.0
302567.2231686788	4123919.8654764015	0.0
302566.9352401885	4123919.3226912133	0.0
302566.6921860642	4123918.863782161	0.0
302566.44020836434	4123918.390280111	0.0
302566.16890933836	4123917.8878117707	0.0
302565.9259594928	4123917.427049922	0.0
302565.5912082577	4123916.8056154894	0.0
302565.3478322342	4123916.351895058	0.0
302565.07863780303	4123915.844566297	0.0
302564.7870300475	4123915.2963166228	0.0
302564.5433711478	4123914.824284273	0.0
302564.28765317914	4123914.3238549577	0.0
302564.0109526195	4123913.7867269083	0.0
302563.7181836017	4123913.2331385263	0.0
302563.469675748	4123912.749933046	0.0
302563.2337137567	4123912.2655072855	0.0
302563.0103456129	4123911.8007692136	0.0
302562.69334923796	4123911.1354337204	0.0
302562.3929606108	4123910.5031991503	0.0
302562.0985298131	4123909.897839748	0.0
302561.8126138289	4123909.3148544896	0.0
302561.58257903135	4123908.849718154	0.0
302561.28004657384	4123908.2458445947	0.0
302561.0068246078	4123907.7119654543	0.0
302560.76401323534	4123907.2319566966	0.0
302560.52578973246	4123906.758316297	0.0
302560.2218699376	4123906.1583611625	0.0
302559.91804585245	4123905.568765817	0.0
302559.7265103465	4123905.0207470553	0.0
302559.3560116232	4123904.504890024	0.0
302559.0801367967	4123903.977734641	0.0
302558.78015262895	4123903.413028902	0.0
302558.5363541362	4123902.9665349824	0.0
302558.2151568329	4123902.367911496	0.0
302557.9610865598	4123901.899824927	0.0
302557.7089819731	4123901.4461249555	0.0
302557.4253576552	4123900.9228526293	0.0
302557.1006161915	4123900.343371284	0.0
302556.84826800606	4123899.891897499	0.0
302556.5531153705	4123899.3816638766	0.0
302556.2276997728	4123898.8049739604	0.0
302555.8736173522	4123898.185659888	0.0
302555.5934982423	4123897.710784665	0.0
302555.31630145066	4123897.240651652	0.0
302555.00939830125	4123896.702568965	0.0
302554.71589355683	4123896.1869305815	0.0
302554.4218409643	4123895.685737922	0.0
302554.1428045358	4123895.212872671	0.0
302553.8896778391	4123894.6195613276	0.0
302553.51274274336	4123894.1563335266	0.0
302553.2414118125	4123893.6525710197	0.0
302553.0287927029	4123893.1983124185	0.0
302552.795120892	4123892.6540663023	0.0
302552.56044032844	4123892.1298278384	0.0
302552.32576807076	4123891.561920622	0.0
302552.08755586226	4123890.981884286	0.0
302551.902306506	4123890.445935991	0.0
302551.73727463104	4123889.97075913	0.0
302551.5566352659	4123889.486142485	0.0
302551.36916770623	4123888.912498976	0.0
302551.12354818155	4123888.1685097227	0.0
302551.0044353687	4123887.636905357	0.0
302550.7343017247	4123887.0543107954	0.0
302550.54850902513	4123886.5644493387	0.0
302550.3082048014	4123885.977245837	0.0
302550.06837043265	4123885.416306442	0.0
302549.8514367547	4123884.9232917754	0.0
302549.60111788975	4123884.3883190625	0.0
302549.2911953625	4123883.77851349	0.0
302549.0239297119	4123883.252636145	0.0
302548.7107370037	4123882.6547498372	0.0
302548.37122555636	4123882.0008615465	0.0
302548.1366495409	4123881.5565563957	0.0
302547.7903801779	4123880.9046774544	0.0
302547.4562177049	4123880.276938519	0.0
302547.18017624447	4123879.755338458	0.0
302546.878181295	4123879.1743971687	0.0
302546.56675375183	4123878.5635168618	0.0
302546.2417493693	4123877.9289012267	0.0
302545.91221792717	4123877.290506332	0.0
302545.6093699778	4123876.654444331	0.0
302545.371483863	4123876.157481766	0.0
302545.10799656535	4123875.6098663933	0.0
302544.8662399461	4123875.099302203	0.0
302544.6343202782	4123874.617002203	0.0
302544.4152077205	4123874.1634516325	0.0
302544.1741904721	4123873.6717437673	0.0
302543.9396962834	4123873.1869138367	0.0
302543.69710025773	4123872.6784048188	0.0
302543.45383470604	4123872.1917458386	0.0
302543.17211730557	4123871.6238352954	0.0
302542.90712074103	4123871.074960228	0.0
302542.6584321372	4123870.571590536	0.0
302542.43251369067	4123870.118015072	0.0
302542.1631727376	4123869.5731279827	0.0
302541.9043344188	4123869.0910912105	0.0
302541.6235651583	4123868.5572050805	0.0
302541.386940239	4123868.113873461	0.0
302541.1311547104	4123867.6421269244	0.0
302540.86609759665	4123867.1535751633	0.0
302540.5977093294	4123866.661771118	0.0
302540.3424760462	4123866.1946375174	0.0
302540.05523589137	4123865.674966413	0.0
302539.7818901184	4123865.1925308253	0.0
302539.527500561	4123864.7424007356	0.0
302539.26912323403	4123864.2925494974	0.0
302538.9778170824	4123863.788702159	0.0
302538.70597591205	4123863.313632658	0.0
302538.40461111796	4123862.8035456887	0.0
302538.0919480635	4123862.259677838	0.0
302537.77761517867	4123861.726581385	0.0
302537.4750717237	4123861.210415973	0.0
302537.20055600663	4123860.741145555	0.0
302536.91833866364	4123860.265209981	0.0
302536.63132453285	4123859.7740292423	0.0
302536.33311225974	4123859.259612338	0.0
302536.0132650041	4123858.7247952987	0.0
302535.81999701925	4123858.2464353354	0.0
302535.46465479897	4123857.7601545216	0.0
302535.10076736007	4123857.1392214564	0.0
302534.75601414155	4123856.520428782	0.0
302534.4716607247	4123855.9851468727	0.0
302534.2348958375	4123855.529606315	0.0
302533.9641105862	4123855.0239811097	0.0
302533.6498114266	4123854.4357431727	0.0
302533.3628833612	4123853.8916401207	0.0
302533.018247106	4123853.2526757964	0.0
302532.7780380185	4123852.8079484003	0.0
302532.533371423	4123852.3561094566	0.0
302532.28538223734	4123851.8888056385	0.0
302531.9875430807	4123851.3399633314	0.0
302531.6857029534	4123850.778262615	0.0
302531.36884651124	4123850.1945257788	0.0
302531.10060500185	4123849.696427294	0.0
302530.7925896988	4123849.1426434014	0.0
302530.5083446434	4123848.6182761956	0.0
302530.166608672	4123847.9894207306	0.0
302529.88849550736	4123847.4930348024	0.0
302529.56760328566	4123846.9138338356	0.0
302529.28271459404	4123846.399843838	0.0
302529.05299894616	4123845.900656101	0.0
302528.73134578805	4123845.431197517	0.0
302528.46124739875	4123844.9610832673	0.0
302528.1227252203	4123844.3682343415	0.0
302527.84213328897	4123843.8922607778	0.0
302527.5761616457	4123843.415203122	0.0
302527.30814602843	4123842.933012545	0.0
302527.00612728833	4123842.3951858496	0.0
302526.7198598145	4123841.8854841935	0.0
302526.35303099756	4123841.2276133765	0.0
302526.0519123988	4123840.6966118757	0.0
302525.76649279404	4123840.1852249727	0.0
302525.4477745135	4123839.616705097	0.0
302525.17757128784	4123839.135861294	0.0
302524.8842629433	4123838.616148334	0.0
302524.54706663993	4123838.0230832994	0.0
302524.27038369316	4123837.5372109464	0.0
302523.9879472472	4123837.039446597	0.0
302523.64824162656	4123836.4466256606	0.0
302523.39016709523	4123835.9971377724	0.0
302523.1294267086	4123835.541236335	0.0
302522.8686472835	4123835.0962529667	0.0
302522.60805049195	4123834.6527455985	0.0
302522.2631513983	4123833.977520699	0.0
302522.0116429413	4123833.4990127054	0.0
302521.7378425854	4123832.9847620483	0.0
302521.4818804143	4123832.455288826	0.0
302521.2163768282	4123831.8975444934	0.0
302520.97843185184	4123831.417052098	0.0
302520.69851634523	4123830.8378125555	0.0
302520.41765717504	4123830.262480983	0.0
302520.1378418838	4123829.7063686354	0.0
302519.8675244418	4123829.176678073	0.0
302519.6042390873	4123828.6692114696	0.0
302519.3322953122	4123828.1521416516	0.0
302519.0495492402	4123827.628664674	0.0
302518.7679642304	4123827.104235209	0.0
302518.48997124005	4123826.581571603	0.0
302518.2077382507	4123826.0610431596	0.0
302517.92107832246	4123825.5472801807	0.0
302517.538749111	4123824.8657196313	0.0
302517.18827468855	4123824.2302238387	0.0
302516.8913863171	4123823.7030088445	0.0
302516.6104842247	4123823.213905305	0.0
302516.26910758804	4123822.612982329	0.0
302515.95671581646	4123822.074474821	0.0
302515.66643777216	4123821.583001387	0.0
302515.41464633844	4123821.1365114925	0.0
302515.1129175873	4123820.6047845217	0.0
302514.8286317834	4123820.0976270814	0.0
302514.5539654549	4123819.6031958726	0.0
302514.30120417965	4123819.159504366	0.0
302514.00786401686	4123818.632205977	0.0
302513.689231246	4123818.067385178	0.0
302513.3404829298	4123817.4486872116	0.0
302513.0881259442	4123817.003320898	0.0
302512.82517533866	4123816.547841795	0.0
302512.5735402571	4123816.108009598	0.0
302512.2273704538	4123815.4794440786	0.0
302511.8883979318	4123814.8675475437	0.0
302511.5492036954	4123814.265093086	0.0
302511.20230324846	4123813.6432060995	0.0
302510.9387262141	4123813.186261493	0.0
302510.6927486453	4123812.7479615617	0.0
302510.4276754348	4123812.277729555	0.0
302510.0769220234	4123811.668145653	0.0
302509.8171411987	4123811.202785125	0.0
302509.56808400527	4123810.715338018	0.0
302509.2850581085	4123810.161151863	0.0
302509.0401496993	4123809.6865596995	0.0
302508.8010948432	4123809.228113017	0.0
302508.480821375	4123808.618737227	0.0
302508.2203790158	4123808.1252667843	0.0
302507.90802468976	4123807.5318028536	0.0
302507.6490435874	4123807.0501403697	0.0
302507.38488732453	4123806.5560171814	0.0
302507.1210094193	4123806.0674385414	0.0
302506.8597452847	4123805.5956367147	0.0
302506.5996115146	4123805.102714161	0.0
302506.3139329514	4123804.5804167455	0.0
302506.0999882936	4123804.0859718695	0.0
302505.72743328294	4123803.521005234	0.0
302505.4069293662	4123802.94586668	0.0
302505.14699149074	4123802.480139893	0.0
302504.81215379003	4123801.8805437386	0.0
302504.52514882595	4123801.3710450856	0.0
302504.2938827968	4123800.8389833854	0.0
302503.92992109864	4123800.3305277	0.0
302503.6075861092	4123799.7530268123	0.0
302503.2849160379	4123799.1612860216	0.0
302502.9587182028	4123798.5013498436	0.0
302502.63995239406	4123797.849195372	0.0
302502.4076675073	4123797.364129356	0.0
302502.17830943817	4123796.8902816973	0.0
302501.9097809661	4123796.3109597745	0.0
302501.69076854136	4123795.84297491	0.0
302501.4542520236	4123795.3415402444	0.0
302501.22814653127	4123794.855033609	0.0
302500.99223452597	4123794.360431076	0.0
302500.7190180045	4123793.7830698495	0.0
302500.4514114688	4123793.2177890325	0.0
302500.2236665629	4123792.743348353	0.0
302499.9728555622	4123792.237994214	0.0
302499.6798083685	4123791.6351945167	0.0
302499.3752020322	4123791.01897411	0.0
302499.12243834196	4123790.512370683	0.0
302498.77442271274	4123789.8808884616	0.0
302498.4769186784	4123789.3338895952	0.0
302498.1892952487	4123788.810712981	0.0
302497.94355544954	4123788.3637110516	0.0
302497.66499072785	4123787.867151579	0.0
302497.3773326557	4123787.3613692173	0.0
302497.0876088194	4123786.8495292705	0.0
302496.8328497333	4123786.4090308174	0.0
302496.52000760974	4123785.8703494584	0.0
302496.24741400906	4123785.4075111784	0.0
302495.9368028956	4123784.8819149225	0.0
302495.61467623134	4123784.351038539	0.0
302495.307626926	4123783.8447873113	0.0
302495.0008124687	4123783.342231293	0.0
302494.7011127792	4123782.859121731	0.0
302494.4089712488	4123782.382865722	0.0
302494.1234620242	4123781.9432758978	0.0
302493.89575682377	4123781.435730731	0.0
302493.5825231762	4123781.0284166564	0.0
302493.301971112	4123780.566875931	0.0
302493.01025976834	4123780.0774722598	0.0
302492.733765141	4123779.62490286	0.0
302492.4691731937	4123779.1877814927	0.0
302492.1875203822	4123778.698326212	0.0
302491.8733467212	4123778.140802619	0.0
302491.5216076549	4123777.5145892696	0.0
302491.25010501547	4123777.0478396905	0.0
302490.9702346022	4123776.5272563994	0.0
302490.65990488895	4123775.9570599273	0.0
302490.3397641748	4123775.372291408	0.0
302490.1064088823	4123774.929809208	0.0
302489.8349403511	4123774.4267917406	0.0
302489.5955924932	4123773.987411138	0.0
302489.3199094748	4123773.449891056	0.0
302489.0791003085	4123773.004993758	0.0
302488.8310976952	4123772.518447513	0.0
302488.5654910867	4123772.013071715	0.0
302488.3010194372	4123771.5056338194	0.0
302488.04784183693	4123771.0255005956	0.0
302487.73817261367	4123770.4456667798	0.0
302487.4813114874	4123769.959884117	0.0
302487.23939751426	4123769.5120522766	0.0
302486.95871763135	4123768.982236324	0.0
302486.6395071791	4123768.405587626	0.0
302486.3611061906	4123767.8908910477	0.0
302486.06879316893	4123767.3508017743	0.0
302485.7870871354	4123766.840253778	0.0
302485.4972573449	4123766.311393306	0.0
302485.24166615086	4123765.8481552494	0.0
302484.96232138807	4123765.337366678	0.0
302484.70811316534	4123764.882607766	0.0
302484.4021014478	4123764.3450613082	0.0
302484.1342072451	4123763.8619438126	0.0
302483.8613819859	4123763.4081780934	0.0
302483.5865640688	4123762.8948775684	0.0
302483.347750457	4123762.4530790653	0.0
302483.02891783917	4123761.8736460437	0.0
302482.7584184391	4123761.3804128864	0.0
302482.4945640735	4123760.899235772	0.0
302482.2443868141	4123760.43975616	0.0
302481.9878037983	4123759.9783918867	0.0
302481.72224904085	4123759.5004004207	0.0
302481.4158889297	4123758.954350581	0.0
302481.05495907995	4123758.302263729	0.0
302480.79500994016	4123757.8361677453	0.0
302480.45736400824	4123757.236823497	0.0
302480.14549791225	4123756.670549254	0.0
302479.8786113606	4123756.135968055	0.0
302479.6106552575	4123755.6188054443	0.0
302479.331257142	4123755.0743416646	0.0
302478.9849428115	4123754.402112084	0.0
302478.7510558109	4123753.9559419225	0.0
302478.465682175	4123753.3964457964	0.0
302478.18738004495	4123752.867129239	0.0
302477.92869999644	4123752.373248015	0.0
302477.6479058865	4123751.8386240555	0.0
302477.4017853541	4123751.369242176	0.0
302477.09005336603	4123750.7835360537	0.0
302476.80345790286	4123750.2475683396	0.0
302476.52144173475	4123749.717599078	0.0
302476.26930679893	4123749.250394149	0.0
302475.99919354566	4123748.748455373	0.0
302475.6724796011	4123748.1421927284	0.0
302475.3510800797	4123747.5543086757	0.0
302475.0476851256	4123747.0148505573	0.0
302474.7745193568	4123746.540369021	0.0
302474.47669110436	4123746.023724436	0.0
302474.2190116546	4123745.578669354	0.0
302473.9457547155	4123745.119177929	0.0
302473.7142643222	4123744.6038238956	0.0
302473.3755568191	4123744.1618947857	0.0
302473.03388797503	4123743.6053888407	0.0
302472.70063836826	4123743.054605952	0.0
302472.3910597055	4123742.547859822	0.0
302472.0576927278	4123742.0046662074	0.0
302471.7270959393	4123741.466033324	0.0
302471.41872199386	4123740.972766529	0.0
302471.05323850305	4123740.3787035584	0.0
302470.7687833294	4123739.9274322954	0.0
302470.4766957911	4123739.459872407	0.0
302470.1525090176	4123738.92960041	0.0
302469.8477920664	4123738.4282910447	0.0
302469.57840540353	4123737.9886925863	0.0
302469.2895921598	4123737.509398393	0.0
302468.9970427498	4123736.997070619	0.0
302468.71165182185	4123736.5123298527	0.0
302468.4368633088	4123736.038071709	0.0
302468.1107535046	4123735.470097614	0.0
302467.8088844676	4123734.95151291	0.0
302467.4860707614	4123734.3727291627	0.0
302467.17710405507	4123733.8291465566	0.0
302466.8918821192	4123733.3201621035	0.0
302466.6052380409	4123732.80732536	0.0
302466.29320081556	4123732.2527128546	0.0
302465.99457986804	4123731.721284263	0.0
302465.7263316214	4123731.2483525737	0.0
302465.479888609	4123730.809324529	0.0
302465.15744875965	4123730.240153948	0.0
302464.8818161299	4123729.7614748906	0.0
302464.57100964006	4123729.221451348	0.0
302464.31451642554	4123728.776553635	0.0
302464.03274309123	4123728.288397216	0.0
302463.73648368474	4123727.7818930238	0.0
302463.4500177869	4123727.2829299024	0.0
302463.1935982283	4123726.8285936303	0.0
302463.03189700143	4123726.346235439	0.0
302462.6809834816	4123725.8225867054	0.0
302462.4367008087	4123725.343355005	0.0
302462.177601418	4123724.8380117896	0.0
302461.9320403037	4123724.3673218577	0.0
302461.6416852763	4123723.803687583	0.0
302461.37749301904	4123723.2768149804	0.0
302461.1277743896	4123722.8054827615	0.0
302460.8268865321	4123722.240616084	0.0
302460.58099496237	4123721.781036143	0.0
302460.2917707379	4123721.234028567	0.0
302459.972147668	4123720.6337057506	0.0
302459.684663182	4123720.1040506684	0.0
302459.3609958627	4123719.5141850817	0.0
302459.0814655056	4123719.001921288	0.0
302458.77492876735	4123718.4610572928	0.0
302458.52265298343	4123718.0005174237	0.0
302458.2465019527	4123717.5124138882	0.0
302457.94961092656	4123716.9853856913	0.0
302457.647657985	4123716.4632875696	0.0
302457.35925606394	4123715.9575238307	0.0
302457.08064331725	4123715.4591162247	0.0
302456.8342689674	4123715.0167561164	0.0
302456.5673896288	4123714.5454577785	0.0
302456.3048155555	4123714.074798277	0.0
302456.0415936693	4123713.614331028	0.0
302455.7383401321	4123713.087267587	0.0
302455.44822016114	4123712.5776585713	0.0
302455.16681553447	4123712.092639336	0.0
302454.8936345831	4123711.6176035767	0.0
302454.6006749727	4123711.1193486294	0.0
302454.2972519911	4123710.610237746	0.0
302454.02133585827	4123710.15099447	0.0
302453.74502376746	4123709.6812134464	0.0
302453.42523607134	4123709.161940636	0.0
302453.1306151563	4123708.6685357722	0.0
302452.8647971271	4123708.2297789543	0.0
302452.57962201186	4123707.754285378	0.0
302452.29508182104	4123707.280627229	0.0
302451.9534536472	4123706.7196801607	0.0
302451.67387563636	4123706.2620034143	0.0
302451.3738143535	4123705.7763131247	0.0
302451.0957714417	4123705.3210057425	0.0
302450.8235603714	4123704.8746279045	0.0
302450.5508361821	4123704.431592804	0.0
302450.2783464011	4123703.967087974	0.0
302450.01342382655	4123703.5223889947	0.0
302449.7501323732	4123703.0967103825	0.0
