302471.78426954686	4123731.378541706	0.0
302472.03538364905	4123731.871490609	0.0
302472.2731681538	4123732.3260805868	0.0
302472.5406468508	4123732.8354827263	0.0
302472.80257189204	4123733.3289173953	0.0
302473.03990384017	4123733.7705654968	0.0
302473.28317183274	4123734.2129991	0.0
302473.5850673623	4123734.7767322245	0.0
302473.9152259391	4123735.3721816507	0.0
302474.25439094065	4123735.979446519	0.0
302474.5192854027	4123736.435619054	0.0
302474.78782425873	4123736.902067872	0.0
302475.1008215825	4123737.440929968	0.0
302475.3557833856	4123737.8962260326	0.0
302475.6234697239	4123738.357883991	0.0
302475.90175481315	4123738.8738782764	0.0
302476.2280167668	4123739.4797815033	0.0
302476.4717671837	4123739.923869158	0.0
302476.7465862767	4123740.443460714	0.0
302476.9962948609	4123740.9144234858	0.0
302477.2793896637	4123741.4399265195	0.0
302477.57508753834	4123741.991778235	0.0
302477.88276638946	4123742.556115542	0.0
302478.1372236068	4123743.021415511	0.0
302478.3970778425	4123743.5023165788	0.0
302478.6737708952	4123744.013537456	0.0
302478.96217541903	4123744.544651721	0.0
302479.2199464098	4123745.0187554853	0.0
302479.51736156974	4123745.5555789024	0.0
302479.77133152774	4123746.019040013	0.0
302480.0452586502	4123746.5321763745	0.0
302480.3668708006	4123747.1102486583	0.0
302480.6546051711	4123747.625465615	0.0
302480.94067884434	4123748.176988779	0.0
302481.2172718104	4123748.702829949	0.0
302481.4698896002	4123749.196853915	0.0
302481.7281214957	4123749.684269513	0.0
302481.97438977077	4123750.159939263	0.0
302482.21113829146	4123750.614553845	0.0
302482.4994210269	4123751.171946235	0.0
302482.7657504432	4123751.6765647368	0.0
302483.02142974397	4123752.181248808	0.0
302483.261783398	4123752.6444752924	0.0
302483.50936056627	4123753.1254803347	0.0
302483.77501169144	4123753.645287801	0.0
302484.01864878245	4123754.1223147674	0.0
302484.30064683745	4123754.645253292	0.0
302484.58592846553	4123755.188283521	0.0
302484.83215699665	4123755.643415242	0.0
302485.1003256155	4123756.1444748365	0.0
302485.41024322156	4123756.7159761055	0.0
302485.6823993829	4123757.204174381	0.0
302486.01197795925	4123757.800192951	0.0
302486.2688607736	4123758.2554440824	0.0
302486.5515844276	4123758.7526455447	0.0
302486.8392396522	4123759.2582426453	0.0
302487.1105082354	4123759.7275881376	0.0
302487.4429346123	4123760.2937488947	0.0
302487.68343049823	4123760.850460095	0.0
302488.08868726896	4123761.4065359402	0.0
302488.39722972	4123761.938471882	0.0
302488.6724817676	4123762.419936083	0.0
302488.95553540706	4123762.899736431	0.0
302489.2207681916	4123763.401790393	0.0
302489.5268412704	4123763.9922559517	0.0
302489.84134235047	4123764.595105684	0.0
302490.09286737774	4123765.0678763934	0.0
302490.35793051263	4123765.5753004304	0.0
302490.6675475706	4123766.1592063624	0.0
302490.95057551004	4123766.6819358	0.0
302491.2484199498	4123767.230776815	0.0
302491.52756428183	4123767.7456410835	0.0
302491.7707174868	4123768.19584935	0.0
302492.09725108463	4123768.788239033	0.0
302492.3765040139	4123769.3014354436	0.0
302492.6789448131	4123769.8444322264	0.0
302492.89382141037	4123770.343165535	0.0
302493.2514751762	4123770.8695699153	0.0
302493.52907499776	4123771.35023886	0.0
302493.84939792426	4123771.9113185555	0.0
302494.13093333953	4123772.3957806774	0.0
302494.3948472793	4123772.854382266	0.0
302494.7113428691	4123773.3911272483	0.0
302494.98470654467	4123773.8489513984	0.0
302495.2513250709	4123774.2904660315	0.0
302495.4901457577	4123774.8312314353	0.0
302495.85966174176	4123775.271832953	0.0
302496.18595400796	4123775.7471004524	0.0
302496.5088969618	4123776.1680460875	0.0
302496.88846083416	4123776.61874561	0.0
302497.2565779833	4123777.0105028525	0.0
302497.6134188121	4123777.4008601	0.0
302497.99093338376	4123777.783329482	0.0
302498.3611246111	4123778.162640533	0.0
302498.7228660338	4123778.5286427587	0.0
302499.14177208254	4123778.9349331683	0.0
302499.5549810373	4123779.325444516	0.0
302499.96474966314	4123779.6829153267	0.0
302500.40034090984	4123780.0312669184	0.0
302500.7947838919	4123780.340988911	0.0
302501.29007921397	4123780.718096724	0.0
302501.7516924966	4123781.0155062447	0.0
302502.2947796552	4123781.3426400623	0.0
302502.73027375585	4123781.5925547285	0.0
302503.1845674891	4123781.849243514	0.0
302503.6610267515	4123782.1111469325	0.0
302504.12822305225	4123782.362906283	0.0
302504.61923314194	4123782.627057909	0.0
302505.118097097	4123782.898056159	0.0
302505.63313398097	4123783.171079392	0.0
302506.0950722578	4123783.4005731614	0.0
302506.61373548146	4123783.639094378	0.0
302507.1706194646	4123783.860988292	0.0
302507.6912732746	4123784.014346033	0.0
302508.2204845697	4123784.1038499787	0.0
302508.81526082807	4123784.1253833435	0.0
302509.38996716775	4123784.105015629	0.0
302509.94333372184	4123784.039075981	0.0
302510.44925510755	4123783.9309541294	0.0
302510.96860918566	4123783.7775524533	0.0
302511.4748821892	4123783.6152067548	0.0
302512.0307697644	4123783.442627024	0.0
302512.525179373	4123783.272788978	0.0
302513.0640849832	4123783.082660332	0.0
302513.6084265107	4123782.8909235406	0.0
302514.08281016914	4123782.7124899602	0.0
302514.54596092895	4123782.5219232505	0.0
302515.11227611627	4123782.2832254814	0.0
302515.7222088895	4123782.0246278727	0.0
302516.2980782037	4123781.7770087044	0.0
302516.89217295725	4123781.518043656	0.0
302517.40686896595	4123781.292402791	0.0
302517.8792389207	4123781.078674879	0.0
302518.3973921781	4123780.8490669783	0.0
302518.8780943037	4123780.6310723033	0.0
302519.3742996028	4123780.405496511	0.0
302519.890843846	4123780.170375474	0.0
302520.35864327033	4123779.944727877	0.0
302520.8233638291	4123779.7202629615	0.0
302521.3264355642	4123779.465845125	0.0
302521.77660528576	4123779.239132078	0.0
302522.23966019944	4123779.000458637	0.0
302522.73230378865	4123778.749246802	0.0
302523.25151358946	4123778.4765009093	0.0
302523.86387274903	4123778.1512337816	0.0
302524.39438059344	4123777.8745214446	0.0
302524.84457638155	4123777.6300444775	0.0
302525.33089266485	4123777.3739856803	0.0
302525.7830236325	4123777.1237271153	0.0
302526.25531966425	4123776.869108424	0.0
302526.7444625866	4123776.601140895	0.0
302527.22975690616	4123776.333078899	0.0
302527.73425506684	4123776.0449513127	0.0
302528.2975346941	4123775.714917975	0.0
302528.8143440207	4123775.4092924646	0.0
302529.2603955929	4123775.152145741	0.0
302529.8173174835	4123774.8222620795	0.0
302530.3316308133	4123774.5237267646	0.0
302530.76881975855	4123774.267158691	0.0
302531.24395999504	4123773.995079984	0.0
302531.6996746224	4123773.7399265138	0.0
302532.2139142413	4123773.4508299087	0.0
302532.6568350336	4123773.205229277	0.0
302533.15504531213	4123772.920210542	0.0
302533.6507638669	4123772.642466871	0.0
302534.2297342437	4123772.3190962235	0.0
302534.75693312695	4123772.0148920254	0.0
302535.28147503064	4123771.717226636	0.0
302535.7744756816	4123771.4308503303	0.0
302536.3100024656	4123771.1221944964	0.0
302536.76646526466	4123770.8548113294	0.0
302537.2896156318	4123770.5482970695	0.0
302537.8469862143	4123770.23746216	0.0
302538.31928715855	4123769.9641554197	0.0
302538.7860696748	4123769.7015255904	0.0
302539.3010534615	4123769.4188882154	0.0
302539.80770072783	4123769.134041507	0.0
302540.36784597335	4123768.821661217	0.0
302540.8345939199	4123768.570134499	0.0
302541.39652657346	4123768.258267348	0.0
302541.8526288687	4123768.0069911117	0.0
302542.3466302488	4123767.7316938564	0.0
302542.87245563447	4123767.4445458516	0.0
302543.4157889414	4123767.140702849	0.0
302543.96340579446	4123766.836574084	0.0
302544.46784860897	4123766.5586258774	0.0
302544.9294608977	4123766.3025943018	0.0
302545.36220632313	4123766.0520527335	0.0
302545.87546840496	4123765.7653854927	0.0
302546.39778890915	4123765.473879299	0.0
302546.93678250106	4123765.180500653	0.0
302547.4160680918	4123764.908510456	0.0
302547.8967627299	4123764.6398177953	0.0
302548.38464149623	4123764.3683656664	0.0
302548.8747641562	4123764.085388539	0.0
302549.3462873924	4123763.816726666	0.0
302549.8950091699	4123763.5029504416	0.0
302550.43951273034	4123763.1922340593	0.0
302550.9267131833	4123762.9108060882	0.0
302551.3642034296	4123762.6607083506	0.0
302551.82610740175	4123762.391902822	0.0
302552.2594142024	4123762.1400531763	0.0
302552.7352645695	4123761.8603725852	0.0
302553.17258522625	4123761.5967712933	0.0
302553.6308059315	4123761.328607618	0.0
302554.11462758336	4123761.0418932717	0.0
302554.5793409309	4123760.7604393587	0.0
302555.1709503401	4123760.4397335513	0.0
302555.7448995747	4123760.122958873	0.0
302556.2840894805	4123759.8253204203	0.0
302556.746241744	4123759.5733476407	0.0
302557.314298556	4123759.2576368586	0.0
302557.84101209085	4123758.970468969	0.0
302558.3625854566	4123758.68490231	0.0
302558.8132832756	4123758.4365297267	0.0
302559.2640941781	4123758.186674222	0.0
302559.7821799224	4123757.897488965	0.0
302560.38674018194	4123757.561305961	0.0
302560.8597818855	4123757.300565624	0.0
302561.42267704045	4123756.985531657	0.0
302561.9366794737	4123756.698848057	0.0
302562.4086471223	4123756.4364677514	0.0
302562.8500954112	4123756.191088504	0.0
302563.4621182965	4123755.845108325	0.0
302563.9783169393	4123755.551156791	0.0
302564.4306284614	4123755.3021914684	0.0
302564.88177454914	4123755.0539937294	0.0
302565.39696010423	4123754.773573762	0.0
302565.899943129	4123754.496401416	0.0
302566.4675787804	4123754.1816263855	0.0
302566.94050779066	4123753.922369358	0.0
302567.4040087908	4123753.6711056298	0.0
302567.9399248841	4123753.3726198003	0.0
302568.4639429295	4123753.0903269667	0.0
302569.02550353255	4123752.768848668	0.0
302569.5485301432	4123752.488429587	0.0
302570.03022206714	4123752.2306319675	0.0
302570.48263835616	4123751.9923966313	0.0
302570.957059257	4123751.739951097	0.0
302571.4452743861	4123751.482740286	0.0
302572.02190369344	4123751.179226374	0.0
302572.58349949156	4123750.8906839476	0.0
302573.22562085267	4123750.5538035473	0.0
302573.8613235295	4123750.220774888	0.0
302574.51373413915	4123749.88735332	0.0
302575.15821706766	4123749.5628149607	0.0
302575.7340856485	4123749.2709764945	0.0
302576.32601850154	4123748.970248586	0.0
302576.79997881496	4123748.7296565548	0.0
302577.2998272247	4123748.482719565	0.0
302577.79298730614	4123748.240750851	0.0
302578.33906719997	4123747.9655262893	0.0
302578.9358795973	4123747.683557508	0.0
302579.4889741471	4123747.4235260515	0.0
302579.99774203886	4123747.1909973174	0.0
302580.5567248963	4123746.942299695	0.0
302581.07342927996	4123746.7012577467	0.0
302581.6537645818	4123746.460939759	0.0
302582.21999687457	4123746.205965566	0.0
302582.79902331036	4123745.979186085	0.0
302583.6181960652	4123745.6535005784	0.0
302584.2700553278	4123745.3972528735	0.0
302584.74492510967	4123745.214186186	0.0
302585.23144095007	4123745.060821494	0.0
302585.730855178	4123744.902342546	0.0
302586.24761226	4123744.7515973537	0.0
302586.7577679972	4123744.6158103384	0.0
302587.3264318113	4123744.4767970084	0.0
302587.86094060173	4123744.3511694325	0.0
302588.3641297977	4123744.2588448212	0.0
302588.9918366909	4123744.1456433716	0.0
302589.6001177753	4123744.049367036	0.0
302590.15113019024	4123743.9524021633	0.0
302590.8187195115	4123743.842888823	0.0
302591.3888142997	4123743.7647190285	0.0
302591.9996307798	4123743.6818908853	0.0
302592.6194013244	4123743.589785441	0.0
302593.2335794512	4123743.5303779277	0.0
302593.7842832705	4123743.489486516	0.0
302594.3477289417	4123743.455696939	0.0
302594.91494497465	4123743.418673118	0.0
302595.54480908066	4123743.3720344566	0.0
302596.1503463216	4123743.3478022027	0.0
302596.9031191694	4123743.318812244	0.0
302597.4884782209	4123743.298385261	0.0
302598.06851875054	4123743.278268429	0.0
302598.6845103928	4123743.2582313744	0.0
302599.2581104303	4123743.241041625	0.0
302599.7735937791	4123743.224848533	0.0
302600.2861939051	4123743.2055776617	0.0
302600.88220304856	4123743.191376732	0.0
302601.4230222141	4123743.1768083735	0.0
302601.9757308621	4123743.164550962	0.0
302602.5291918494	4123743.1591222347	0.0
302603.0618527618	4123743.1499268427	0.0
302603.57030854584	4123743.155733512	0.0
302604.1651783228	4123743.155992429	0.0
302604.74910229875	4123743.1626149802	0.0
302605.4689507806	4123743.174182808	0.0
302606.1158750962	4123743.2176264455	0.0
302606.7245086606	4123743.2558643627	0.0
302607.2308900886	4123743.330738519	0.0
302607.91568329395	4123743.4369442267	0.0
302608.6469776515	4123743.5452021165	0.0
302609.3520142415	4123743.6503768004	0.0
302610.00697061484	4123743.771162006	0.0
302610.66147904895	4123743.885481529	0.0
302611.24827309535	4123743.988995981	0.0
302611.9591021214	4123744.145474721	0.0
302612.46059107373	4123744.2639477286	0.0
302612.9717864131	4123744.3925545444	0.0
302613.4930229984	4123744.514078935	0.0
302613.99222880753	4123744.636121405	0.0
302614.5192970127	4123744.785449189	0.0
302615.0831077671	4123744.943349862	0.0
302615.61816892866	4123745.092859834	0.0
302616.15902692825	4123745.274984926	0.0
302616.7828676915	4123745.475512744	0.0
302617.2695663289	4123745.663352295	0.0
302617.75256415695	4123745.851093856	0.0
302618.29886664916	4123746.0697282157	0.0
302618.88519057364	4123746.3420072002	0.0
302619.5174850618	4123746.6189413937	0.0
302619.9567865564	4123746.9173202068	0.0
302620.62104422494	4123747.1194201824	0.0
302621.24970737175	4123747.405506654	0.0
302621.8329043617	4123747.6706429515	0.0
302622.2899573083	4123747.8811991587	0.0
302622.78597062454	4123748.1065673614	0.0
302623.4478188655	4123748.4135229164	0.0
302623.91369532404	4123748.6281275665	0.0
302624.3822462363	4123748.843224462	0.0
302624.8425910248	4123749.0679511805	0.0
302625.46536566433	4123749.3552866285	0.0
302625.91516903596	4123749.5784109044	0.0
302626.5697066686	4123749.9519665577	0.0
302627.0152350961	4123750.2072026576	0.0
302627.51851905533	4123750.5215875832	0.0
302628.0327965858	4123750.844225706	0.0
302628.4802861456	4123751.126246004	0.0
302628.99986466544	4123751.4729992724	0.0
302629.88067098847	4123752.0697545502	0.0
302630.3766444032	4123752.4192833547	0.0
302630.9264812985	4123752.775687298	0.0
302631.46825109195	4123753.185386321	0.0
302631.9294779477	4123753.5231497353	0.0
302632.51892699185	4123754.0353479893	0.0
302633.0896807807	4123754.526336625	0.0
302633.5598831162	4123754.931242233	0.0
302634.2476566944	4123755.5606620857	0.0
302634.7014598096	4123755.966508444	0.0
302635.24045871326	4123756.4974714997	0.0
302635.6372193019	4123756.8996631233	0.0
302636.0332623079	4123757.3027968165	0.0
302636.4100795325	4123757.6936150715	0.0
302636.9217203307	4123758.2124539744	0.0
302637.27194480394	4123758.6425700625	0.0
302637.6411210497	4123759.073350789	0.0
302638.01099738915	4123759.508740968	0.0
302638.4940707252	4123760.1464897124	0.0
302638.8897259253	4123760.696736355	0.0
302639.32216252934	4123761.3012589817	0.0
302639.6875374794	4123761.815765485	0.0
302640.0894197486	4123762.416935737	0.0
302640.57932898245	4123763.0560041466	0.0
302640.90279542597	4123763.4491871595	0.0
302641.3474345226	4123763.993841345	0.0
302641.7169103544	4123764.4373826715	0.0
302642.08552509244	4123764.882054476	0.0
302642.47129537776	4123765.3768378017	0.0
302642.89250324573	4123765.9316648366	0.0
302643.2720503744	4123766.4323306284	0.0
302643.5833269779	4123766.8481896985	0.0
302643.93018469994	4123767.3176128385	0.0
302644.2330943331	4123767.717385468	0.0
302644.53626914567	4123768.1347303037	0.0
302644.8746293735	4123768.5951014576	0.0
302645.21850805247	4123769.069960731	0.0
302645.53866435523	4123769.542602213	0.0
302645.8550329187	4123770.0051557734	0.0
302646.14930996654	4123770.4467645483	0.0
302646.56913853425	4123771.0687922784	0.0
302646.8252249621	4123771.5031573838	0.0
302647.11774475774	4123772.008459925	0.0
302647.37576194276	4123772.449440949	0.0
302647.62352914934	4123772.8886275706	0.0
302647.91792276636	4123773.4862190974	0.0
302648.1715995782	4123773.987994032	0.0
302648.40414602845	4123774.453073506	0.0
302648.6877504758	4123775.019647614	0.0
302648.9193834283	4123775.5339681813	0.0
302649.21380711894	4123776.1768928845	0.0
302649.4309371073	4123776.665834419	0.0
302649.66916695714	4123777.190176892	0.0
302649.9378940551	4123777.797253646	0.0
302650.1626993667	4123778.3106245454	0.0
302650.4157232832	4123778.88531911	0.0
302650.6221770196	4123779.3732164223	0.0
302650.9152261071	4123780.0520704943	0.0
302651.13346042024	4123780.5565291317	0.0
302651.3431060307	4123781.0480521363	0.0
302651.55690024386	4123781.5524301375	0.0
302651.77030304156	4123782.0590377776	0.0
302651.97947895434	4123782.543170393	0.0
302652.19908707717	4123783.106068164	0.0
302652.3749430349	4123783.5824724915	0.0
302652.5784913384	4123784.1292796284	0.0
302652.74092699145	4123784.62635345	0.0
302652.91920051025	4123785.16154243	0.0
302653.09011154686	4123785.7107822145	0.0
302653.2656402815	4123786.393509508	0.0
302653.4163250536	4123787.007432353	0.0
302653.6138359901	4123787.807140771	0.0
302653.74530829117	4123788.3715555607	0.0
302653.8705620251	4123788.91058157	0.0
302654.00857464934	4123789.501487798	0.0
302654.13518503157	4123790.066757043	0.0
302654.3019680985	4123790.7990946034	0.0
302654.4134147697	4123791.29829239	0.0
302654.5669908293	4123792.010031375	0.0
302654.6779329724	4123792.519232976	0.0
302654.8112922041	4123793.1450354033	0.0
302654.94195093104	4123793.7566535412	0.0
302655.08869082667	4123794.4481992796	0.0
302655.2015504001	4123795.0200830465	0.0
302655.3468031842	4123795.673546314	0.0
302655.45690156217	4123796.190909348	0.0
302655.5840770589	4123796.767637559	0.0
302655.7241941958	4123797.3725570743	0.0
302655.8333534383	4123798.0499129808	0.0
302656.0049242513	4123798.5657312027	0.0
302656.1396055561	4123799.147093898	0.0
302656.2865761359	4123799.7666551834	0.0
302656.4401521894	4123800.4280643715	0.0
302656.5754508965	4123801.023105228	0.0
302656.72247356345	4123801.6511769546	0.0
302656.9717672848	4123802.6902149543	0.0
302657.0646746259	4123803.288102798	0.0
302657.16035225627	4123803.8528040494	0.0
302657.24484947347	4123804.3887174856	0.0
302657.3341430506	4123804.977623521	0.0
302657.4082513671	4123805.4743685103	0.0
302657.4826206714	4123806.185526978	0.0
302657.5707258228	4123806.78486021	0.0
302657.6351576719	4123807.392299249	0.0
302657.68529566244	4123807.9266150016	0.0
302657.7544191078	4123808.664394199	0.0
302657.83310909587	4123809.52592268	0.0
302657.8830771574	4123810.122229524	0.0
302657.93351055763	4123810.7131593823	0.0
302657.9828611026	4123811.308370529	0.0
302658.0258278684	4123811.8774566324	0.0
302658.06668563886	4123812.4197620815	0.0
302658.10502562934	4123812.9367767777	0.0
302658.15060115093	4123813.597949532	0.0
302658.1853273428	4123814.118564875	0.0
302658.2068168315	4123814.6707024076	0.0
302658.2548708032	4123815.207717772	0.0
302658.28961438197	4123815.729072853	0.0
302658.32243982726	4123816.3198615685	0.0
302658.3571832455	4123816.8726727907	0.0
302658.38958708034	4123817.420358008	0.0
302658.4224388024	4123817.974508957	0.0
302658.4674571912	4123818.7315435167	0.0
302658.5014828717	4123819.3230441622	0.0
302658.5322946908	4123819.947741828	0.0
302658.57102529926	4123820.6135163778	0.0
302658.6019019884	4123821.3101915685	0.0
302658.6467113311	4123822.127552818	0.0
302658.68466324254	4123822.848301402	0.0
302658.7032211212	4123823.5595384077	0.0
302658.7738259988	4123824.344072506	0.0
302658.81743159436	4123824.990673729	0.0
302658.87615349994	4123825.5943612657	0.0
302658.9387457399	4123826.199068024	0.0
302658.995615167	4123826.786886006	0.0
302659.05919910007	4123827.351971727	0.0
302659.1193650133	4123827.903815203	0.0
302659.1865057987	4123828.544682107	0.0
302659.2525207244	4123829.093612534	0.0
302659.32086208015	4123829.6659878525	0.0
302659.3886600862	4123830.190081521	0.0
302659.45904363075	4123831.1010249136	0.0
302659.50221834495	4123831.811103659	0.0
302659.566038977	4123832.864494117	0.0
302659.6170240836	4123833.548114114	0.0
302659.6195691234	4123834.210113493	0.0
302659.6227148797	4123834.7529354896	0.0
302659.62445120676	4123835.3868283913	0.0
302659.62583105057	4123835.999265486	0.0
302659.6355290797	4123836.789326727	0.0
302659.6389355599	4123837.374700903	0.0
302659.6333615057	4123838.056319956	0.0
302659.63783732965	4123838.7312264726	0.0
302659.63111997116	4123839.3327517696	0.0
302659.62505966116	4123839.8552511972	0.0
302659.631784049	4123840.474779055	0.0
302659.6271284515	4123840.9815173894	0.0
302659.6294132875	4123841.5065961657	0.0
302659.61939958646	4123842.118931057	0.0
302659.6166579533	4123842.8242703187	0.0
302659.6057523488	4123843.421604709	0.0
302659.59546814626	4123844.014448544	0.0
302659.5873375213	4123844.6124913855	0.0
302659.5755805338	4123845.1192116416	0.0
302659.5675366891	4123845.7587005342	0.0
302659.5514346136	4123846.4203981743	0.0
302659.53847281355	4123846.9765514005	0.0
302659.52424942446	4123847.6300632856	0.0
302659.5041510131	4123848.272796163	0.0
302659.49236742256	4123848.8916489347	0.0
302659.4843329751	4123849.3931006677	0.0
302659.4728705287	4123850.1514631244	0.0
302659.4691332594	4123850.69075331	0.0
302659.48239781254	4123851.2048347937	0.0
302659.50225517765	4123851.8543998296	0.0
302659.52977467387	4123852.5592955644	0.0
302659.55172396946	4123853.165698005	0.0
302659.57363860135	4123853.7454560595	0.0
302659.59806704643	4123854.2685339614	0.0
302659.62405623635	4123854.8831680496	0.0
302659.64778483607	4123855.575817137	0.0
302659.69437705656	4123856.181578578	0.0
302659.73923099274	4123856.7680137362	0.0
302659.82397554384	4123857.33334213	0.0
302659.9200006372	4123857.8876732225	0.0
302660.0424218817	4123858.520209128	0.0
302660.2045861108	4123859.081311914	0.0
302660.41751658847	4123859.706353902	0.0
302660.6637106965	4123860.2171867234	0.0
302660.9065783507	4123860.662039864	0.0
302661.1527074955	4123861.107186404	0.0
302661.43658764823	4123861.534607139	0.0
302661.7975826084	4123862.0455165743	0.0
302662.09773995477	4123862.4479448516	0.0
302662.4943904368	4123862.8142429935	0.0
302662.8894713811	4123863.171765217	0.0
302663.38598075055	4123863.454971095	0.0
302663.81141995813	4123863.7180824727	0.0
302664.29778441606	4123863.9423842467	0.0
302664.8989239889	4123864.1090320135	0.0
302665.4051280322	4123864.1578232665	0.0
302665.9552021603	4123864.1030731816	0.0
302666.456458508	4123863.947700946	0.0
302666.92905765784	4123863.680870567	0.0
302667.31121321453	4123863.3551045563	0.0
302667.64569056977	4123862.895383082	0.0
302667.9103506338	4123862.291309475	0.0
302668.11751614115	4123861.7964635766	0.0
302668.32339880033	4123861.303683243	0.0
302668.4756715826	4123860.6889291853	0.0
302668.53521153727	4123860.151499634	0.0
302668.64142366324	4123859.609232578	0.0
302668.75944188295	4123858.99731922	0.0
302668.85966475506	4123858.477972196	0.0
302668.95459089515	4123857.9661511392	0.0
302669.0541440088	4123857.462362899	0.0
302669.1611903457	4123856.887159601	0.0
302669.2851534212	4123856.257528069	0.0
302669.3776399915	4123855.748909988	0.0
302669.4824556207	4123855.1543303495	0.0
302669.5961473925	4123854.484232352	0.0
302669.68202845106	4123853.9589312794	0.0
302669.78416988114	4123853.332403271	0.0
302669.866272279	4123852.75334553	0.0
302669.93260587077	4123852.2523736604	0.0
302669.9971828982	4123851.701853413	0.0
302670.04557401093	4123851.167626782	0.0
302670.0900777946	4123850.5687289024	0.0
302670.1378255234	4123850.0008408283	0.0
302670.1553062338	4123849.4543883386	0.0
302670.1671683639	4123848.9206503914	0.0
302670.1769865275	4123848.400653167	0.0
302670.1522196074	4123847.8694416494	0.0
302670.1296358184	4123847.3241160656	0.0
302670.104368928	4123846.77163715	0.0
302670.07287478837	4123846.2059820294	0.0
302670.04454629164	4123845.6742991335	0.0
302670.0148825916	4123845.167627499	0.0
302669.97933986544	4123844.5933708623	0.0
302669.9427925844	4123844.020433093	0.0
302669.90109209163	4123843.448541651	0.0
302669.8536690448	4123842.8220140524	0.0
302669.8057066286	4123842.2165932516	0.0
302669.75770923664	4123841.64114912	0.0
302669.7136558555	4123841.107615465	0.0
302669.6558218389	4123840.5101982513	0.0
302669.6284064313	4123839.9984777914	0.0
302669.5799573035	4123839.334597024	0.0
302669.5512813319	4123838.7314983667	0.0
302669.52010512224	4123838.084975003	0.0
302669.4953820864	4123837.4864093205	0.0
302669.4704202058	4123836.833633674	0.0
302669.4438577648	4123836.219753239	0.0
302669.410820837	4123835.4877869426	0.0
302669.3838195254	4123834.8174808137	0.0
302669.37916156143	4123834.1914281575	0.0
302669.36791064625	4123833.6184508186	0.0
302669.37568150886	4123832.9547286863	0.0
302669.3958510347	4123832.208003942	0.0
302669.412053615	4123831.6134721283	0.0
302669.43108685303	4123831.0764199975	0.0
302669.44668878044	4123830.5696094166	0.0
302669.470445422	4123829.918834081	0.0
302669.4915009915	4123829.354534103	0.0
302669.5104341792	4123828.8258109526	0.0
302669.53096774034	4123828.2896487354	0.0
302669.5533539518	4123827.7378999325	0.0
302669.57091289666	4123827.219941183	0.0
302669.59342527855	4123826.660973008	0.0
302669.6143371768	4123826.1283175847	0.0
302669.6308175933	4123825.621116286	0.0
302669.64327985526	4123825.106608005	0.0
302669.65967332997	4123824.5957080293	0.0
302669.6782371023	4123824.038683045	0.0
302669.6932651021	4123823.526334882	0.0
302669.706832017	4123823.0021787565	0.0
302669.7276184685	4123822.3697918323	0.0
302669.7426816609	4123821.7960108616	0.0
302669.75462699914	4123821.1965831704	0.0
302669.7685027254	4123820.6666836687	0.0
302669.77538112097	4123820.0199372335	0.0
302669.7919238531	4123819.4541466567	0.0
302669.79483650764	4123818.923579703	0.0
302669.79391440254	4123818.2676484305	0.0
302669.801324612	4123817.5822855737	0.0
302669.7998538068	4123817.047750877	0.0
302669.80050575855	4123816.4210183057	0.0
302669.80037890875	4123815.8555509876	0.0
302669.79672516783	4123815.303674219	0.0
302669.79181483504	4123814.723516468	0.0
302669.7754372584	4123814.0960740205	0.0
302669.76892229076	4123813.510587947	0.0
302669.7633289213	4123812.9768903153	0.0
302669.75532182853	4123812.472670163	0.0
302669.74394105864	4123811.824941317	0.0
302669.73502135393	4123811.2252639993	0.0
302669.71811749454	4123810.613191921	0.0
302669.7059625103	4123809.9891658975	0.0
302669.6888405903	4123809.474798004	0.0
302669.66914071323	4123808.831890632	0.0
302669.6475093592	4123808.2893182277	0.0
302669.6361367323	4123807.730036445	0.0
302669.6324265487	4123807.1694643125	0.0
302669.6196625142	4123806.582459825	0.0
302669.61333037505	4123805.9732848415	0.0
302669.60148806125	4123805.4191951123	0.0
302669.591185341	4123804.8424947867	0.0
302669.58124370873	4123804.243396607	0.0
302669.56571421545	4123803.6079776795	0.0
302669.5611604677	4123803.0366932885	0.0
302669.5599727212	4123802.451267027	0.0
302669.5553015561	4123801.8812806495	0.0
302669.55276953464	4123801.377116833	0.0
302669.54920292896	4123800.810065068	0.0
302669.54535349243	4123800.2687399695	0.0
302669.54378629674	4123799.720261538	0.0
302669.5405686936	4123799.1212586365	0.0
302669.53382767644	4123798.53244724	0.0
302669.5449771305	4123797.968380175	0.0
302669.5343610913	4123797.428694439	0.0
302669.5364475866	4123796.900737433	0.0
302669.5336857898	4123796.292403706	0.0
302669.5217522973	4123795.7218479156	0.0
302669.53140556824	4123795.194823244	0.0
302669.51972013613	4123794.59706132	0.0
302669.5128842428	4123793.8909392804	0.0
302669.51635359554	4123793.3714614273	0.0
302669.5227681593	4123792.681496105	0.0
302669.5349218844	4123792.1664400008	0.0
302669.5546598189	4123791.646764737	0.0
302669.5865657631	4123791.084615198	0.0
302669.59021342546	4123790.5664284085	0.0
302669.5973140051	4123790.0440896545	0.0
302669.617133975	4123789.4826200497	0.0
302669.6309233494	4123788.900076985	0.0
302669.65959474805	4123788.3323370093	0.0
302669.6684697907	4123787.7847916335	0.0
302669.66558194	4123787.177386061	0.0
302669.6791969319	4123786.655264238	0.0
302669.7116117992	4123786.083295829	0.0
302669.7210784588	4123785.510571643	0.0
302669.7340503322	4123784.917041013	0.0
302669.73478501383	4123784.30640467	0.0
302669.74402954127	4123783.7871611346	0.0
302669.74619463657	4123783.2247855817	0.0
302669.73019560333	4123782.588267497	0.0
302669.7557043413	4123782.0749328462	0.0
302669.78244410036	4123781.51327484	0.0
302669.7728891042	4123780.993548074	0.0
302669.76233832224	4123780.462927586	0.0
302669.77678825404	4123779.9511481654	0.0
302669.75672729185	4123779.349512354	0.0
302669.74099283316	4123778.818643655	0.0
302669.6925601555	4123778.3064921373	0.0
302669.73060645536	4123777.772693821	0.0
302669.7517102171	4123777.223010621	0.0
302669.76530397485	4123776.6370518613	0.0
302669.741232813	4123776.1354298126	0.0
302669.7547607691	4123775.634774233	0.0
302669.7882630464	4123775.046127028	0.0
302669.7909589339	4123774.455983593	0.0
302669.79169321334	4123773.914550763	0.0
302669.7821686805	4123773.39611854	0.0
302669.7135842499	4123772.8448430337	0.0
302669.69554061943	4123772.3164340947	0.0
302669.6745876331	4123771.796420172	0.0
302669.6478596992	4123771.251007031	0.0
302669.6188141813	4123770.663645182	0.0
302669.60499319236	4123770.1323614344	0.0
302669.59043735254	4123769.5886975466	0.0
302669.57302424044	4123769.068230338	0.0
302669.5561592513	4123768.5207349765	0.0
302669.5462291211	4123767.9663901106	0.0
302669.51746799896	4123767.3342680284	0.0
302669.5137970261	4123766.794234016	0.0
302669.49781027215	4123766.277804072	0.0
302669.48232430173	4123765.6631082	0.0
302669.4555754584	4123764.9972370667	0.0
302669.431370141	4123764.4018048868	0.0
302669.4057038168	4123763.7819822896	0.0
302669.38398985565	4123763.2547698556	0.0
302669.3453555394	4123762.6433937023	0.0
302669.3288990492	4123762.138447041	0.0
302669.298209454	4123761.588131062	0.0
302669.28057932155	4123761.0080873463	0.0
302669.24906809826	4123760.416527638	0.0
302669.2171352155	4123759.8007381186	0.0
302669.1901943021	4123759.239971998	0.0
302669.15274727065	4123758.6161705186	0.0
302669.1416568969	4123757.998352345	0.0
302669.13009899994	4123757.363268566	0.0
302669.1217138382	4123756.8492504326	0.0
302669.1025702745	4123756.28034446	0.0
302669.10068657226	4123755.7534060045	0.0
302669.0875916368	4123755.2530062227	0.0
302669.0729056625	4123754.666046965	0.0
302669.06203666853	4123754.1443797904	0.0
302669.0463205228	4123753.598088605	0.0
302669.0292383618	4123753.01618165	0.0
302669.01523894037	4123752.508771764	0.0
302669.0012967393	4123751.9031063793	0.0
302668.98123951955	4123751.396023938	0.0
302668.96524435695	4123750.8414767715	0.0
302668.946022505	4123750.275533223	0.0
302668.9281008532	4123749.7208463084	0.0
302668.90573118365	4123749.058758002	0.0
302668.8773469259	4123748.4365938413	0.0
302668.85238108225	4123747.771050882	0.0
302668.8188004739	4123747.0914626615	0.0
302668.82137514104	4123746.439520054	0.0
302668.8177562691	4123745.920578945	0.0
302668.8097972324	4123745.4183931123	0.0
302668.8065186147	4123744.750304933	0.0
302668.79726830043	4123744.2057761955	0.0
302668.78461766674	4123743.604706357	0.0
302668.76336557313	4123742.952398695	0.0
302668.7481149485	4123742.27219454	0.0
302668.7217050154	4123741.652204407	0.0
302668.6870324985	4123741.0268574296	0.0
302668.6623525373	4123740.5245095687	0.0
302668.60899523145	4123739.645547313	0.0
302668.56918629236	4123739.0974811255	0.0
302668.53092531	4123738.577504031	0.0
302668.48345843074	4123737.9994569905	0.0
302668.4390615525	4123737.4513136223	0.0
302668.4064442589	4123736.9352715653	0.0
302668.3396525285	4123736.350280458	0.0
302668.2780307921	4123735.7239016863	0.0
302668.2172656756	4123735.1087899767	0.0
302668.12984803645	4123734.3542325143	0.0
302668.06872162677	4123733.7866835697	0.0
302668.0118826403	4123733.2819461	0.0
302667.93904956005	4123732.6883972352	0.0
302667.87677465647	4123732.178976618	0.0
302667.805906836	4123731.6375617273	0.0
302667.71736649005	4123730.9799895613	0.0
302667.6278605602	4123730.344274352	0.0
302667.55093911616	4123729.822245524	0.0
302667.4761570994	4123729.322000658	0.0
302667.38156285195	4123728.7215619204	0.0
302667.292099788	4123728.1694820095	0.0
302667.18493344606	4123727.5439888807	0.0
302667.0916869278	4123726.9945884175	0.0
302666.9805370115	4123726.382141462	0.0
302666.880002013	4123725.8247707537	0.0
302666.7783450517	4123725.2637256994	0.0
302666.6757049792	4123724.7426715475	0.0
302666.5586928782	4123724.1325828377	0.0
302666.4358708358	4123723.52078035	0.0
302666.31106558506	4123722.931598886	0.0
302666.204954964	4123722.4391218796	0.0
302666.10048819915	4123721.9410551484	0.0
302665.9518129836	4123721.2930382527	0.0
302665.8088692959	4123720.6622800087	0.0
302665.68772942876	4123720.153503075	0.0
302665.55402180203	4123719.619856682	0.0
302665.3965402617	4123718.9748223554	0.0
302665.22858252854	4123718.3309594905	0.0
302665.08161129244	4123717.7743103635	0.0
302664.9534350398	4123717.268289355	0.0
302664.80634204514	4123716.706462083	0.0
302664.70931484416	4123716.199393331	0.0
302664.53142454335	4123715.703923275	0.0
302664.37909965636	4123715.1838521194	0.0
302664.2193386792	4123714.6180668315	0.0
302664.04606187507	4123714.0311350985	0.0
302663.89644172933	4123713.531724405	0.0
302663.7199422724	4123712.9713285933	0.0
302663.5555450752	4123712.46005291	0.0
302663.3984709881	4123711.977100628	0.0
302663.20598115807	4123711.403573102	0.0
302663.03159912233	4123710.8954927316	0.0
302662.8310031846	4123710.3169747647	0.0
302662.65053280414	4123709.8142185393	0.0
302662.47423708206	4123709.3317181435	0.0
302662.2677265067	4123708.79108659	0.0
302662.07497088774	4123708.275481622	0.0
302661.8723525232	4123707.7179202926	0.0
302661.67650919117	4123707.209419291	0.0
302661.461692551	4123706.6427078955	0.0
302661.2397047874	4123706.0730194747	0.0
302661.03445949574	4123705.5421651113	0.0
302660.84123387793	4123705.0569171277	0.0
302660.63751494815	4123704.5280622854	0.0
302660.44718542474	4123704.065320629	0.0
302660.1864547625	4123703.433445729	0.0
302659.96086156875	4123702.8866015305	0.0
302659.7443570186	4123702.380251608	0.0
302659.50313863205	4123701.835810148	0.0
302659.2529661617	4123701.2817722806	0.0
302659.03087331704	4123700.7831402267	0.0
302658.7803919115	4123700.2474282063	0.0
302658.5205129626	4123699.683256526	0.0
302658.29048782843	4123699.1933226264	0.0
302658.04952546756	4123698.710122119	0.0
302657.78788924846	4123698.1907704985	0.0
302657.5363897736	4123697.7061523963	0.0
302657.2642511751	4123697.1931538805	0.0
302656.9548656156	4123696.6312563135	0.0
302656.668549947	4123696.11933125	0.0
302656.4282960094	4123695.6788574574	0.0
302656.14915123896	4123695.1950743464	0.0
302655.8714240375	4123694.727541088	0.0
302655.588282684	4123694.24366691	0.0
302655.26869446994	4123693.719756611	0.0
302654.84462363255	4123693.018077508	0.0
302654.53926454764	4123692.489021775	0.0
302654.2800674436	4123691.9979234184	0.0
302653.9563655631	4123691.3997253682	0.0
302653.6877054583	4123690.9088494983	0.0
302653.3685477264	4123690.3529178947	0.0
302653.06214033905	4123689.835914197	0.0
302652.80330803455	4123689.4043889195	0.0
302652.5683545355	4123688.9389797123	0.0
302652.21952049586	4123688.4912678455	0.0
302651.86645507737	4123687.952971733	0.0
302651.55513302446	4123687.5038068267	0.0
302651.2167313181	4123687.016606026	0.0
302650.9164723242	4123686.5975269666	0.0
302650.5489773522	4123686.0873255455	0.0
302650.197720443	4123685.619670756	0.0
302649.8313341036	4123685.150336276	0.0
302649.4989331684	4123684.7296074443	0.0
302649.14220545103	4123684.2494988563	0.0
302648.80445582065	4123683.7585820863	0.0
302648.4954864204	4123683.2584770424	0.0
302648.1976889147	4123682.7742074938	0.0
302647.91604701884	4123682.3038059124	0.0
302647.66085009626	4123681.81927498	0.0
302647.41495084343	4123681.333785318	0.0
302647.17390052526	4123680.834303956	0.0
302646.86796690663	4123680.230507384	0.0
302646.601206562	4123679.726079403	0.0
302646.31569429964	4123679.2106200545	0.0
302646.03458282165	4123678.725033095	0.0
302645.6121803048	4123678.0566216493	0.0
302645.3611792648	4123677.538670595	0.0
302644.9771802341	4123677.0984460004	0.0
302644.6263011173	4123676.6091333022	0.0
302644.2590618266	4123676.1224256866	0.0
302643.87027873436	4123675.612910044	0.0
302643.46852745546	4123675.118132122	0.0
302643.0444930699	4123674.60056356	0.0
302642.7046635447	4123674.2099854527	0.0
302642.3114877357	4123673.759044553	0.0
302641.9679007472	4123673.3785467627	0.0
302641.55320279737	4123672.9120137547	0.0
302641.1415359448	4123672.4359726612	0.0
302640.80125824024	4123672.0640938035	0.0
302640.39776250266	4123671.6272733174	0.0
302640.09351421194	4123671.207732344	0.0
302639.699302875	4123670.8331087413	0.0
302639.2505058093	4123670.4515119083	0.0
302638.844530915	4123670.060268656	0.0
302638.44681438425	4123669.655323619	0.0
302637.9714593458	4123669.150989236	0.0
302637.62354054407	4123668.781325539	0.0
302637.2498204453	4123668.390249183	0.0
302636.7436193306	4123667.8827543342	0.0
302636.3869854002	4123667.5262481137	0.0
302635.94154517876	4123667.086158159	0.0
302635.58461544086	4123666.7359501533	0.0
302635.2336784142	4123666.357475774	0.0
302634.7894342006	4123665.8612918183	0.0
302634.40225881	4123665.439075792	0.0
302633.97670546966	4123664.9764990616	0.0
302633.65615314094	4123664.4589852546	0.0
302633.2050897564	4123664.166604537	0.0
302632.7384532912	4123663.699627751	0.0
302632.3149260956	4123663.298065368	0.0
302631.82063551166	4123662.8504274753	0.0
302631.296455659	4123662.396275953	0.0
302630.84513077553	4123662.0205321256	0.0
302630.36584753776	4123661.6260168892	0.0
302629.9367404168	4123661.2891634065	0.0
302629.5125473276	4123660.9725483777	0.0
302629.0087975954	4123660.600812803	0.0
302628.4713229799	4123660.216732641	0.0
302628.0399150739	4123659.9204562525	0.0
302627.54158372054	4123659.5778290606	0.0
302627.1078665145	4123659.2903037104	0.0
302626.5491043108	4123658.9320741314	0.0
302626.0872720949	4123658.644284702	0.0
302625.596337826	4123658.3205424114	0.0
302625.17284882517	4123658.0401781057	0.0
302624.6938431632	4123657.7392849047	0.0
302624.19812513364	4123657.407143509	0.0
302623.5735872217	4123657.032512178	0.0
302623.03062810586	4123656.7235009163	0.0
302622.5587673504	4123656.4244752275	0.0
302621.9557731286	4123656.085234457	0.0
302621.4453950773	4123655.765095189	0.0
302620.9441363289	4123655.480453494	0.0
302620.4615903731	4123655.211469972	0.0
302619.9928431725	4123654.912741279	0.0
302619.5498363362	4123654.6705835294	0.0
302618.9769703144	4123654.329154255	0.0
302618.5016736791	4123654.0538941887	0.0
302617.99514396535	4123653.777888258	0.0
302617.5050048532	4123653.487989317	0.0
302617.0468988693	4123653.232864126	0.0
302616.5275444888	4123652.939951471	0.0
302616.0180922555	4123652.659203431	0.0
302615.4727319981	4123652.3676424767	0.0
302614.9008353703	4123652.061162494	0.0
302614.40850421134	4123651.797590395	0.0
302613.9571125576	4123651.5574804395	0.0
302613.45103044156	4123651.294231733	0.0
302612.9348025885	4123651.0021709492	0.0
302612.48187575577	4123650.734526784	0.0
302612.01614599326	4123650.5012303395	0.0
302611.5780963331	4123650.2371221553	0.0
302611.0982982273	4123649.940319101	0.0
302610.6429055125	4123649.6684771804	0.0
302610.1874431957	4123649.3873851146	0.0
302609.73310723255	4123649.059822518	0.0
302609.2890735325	4123648.736273522	0.0
302608.8308191988	4123648.443404864	0.0
302608.37638746493	4123648.1054825652	0.0
302607.9467655625	4123647.8034290103	0.0
302607.426371211	4123647.4222791	0.0
302606.95952351356	4123647.128872463	0.0
302606.4858220646	4123646.8522802647	0.0
302606.0228447014	4123646.610222708	0.0
302605.46046250046	4123646.2805751124	0.0
302604.9393155533	4123645.9932563608	0.0
302604.40520479565	4123645.7082778797	0.0
302603.95953553147	4123645.459892273	0.0
302603.48914330977	4123645.2170840274	0.0
302603.0473052843	4123644.9743444948	0.0
302602.5345469976	4123644.716619437	0.0
302602.00520235556	4123644.4330093134	0.0
302601.5647210692	4123644.1850569365	0.0
302601.09049740963	4123643.9177291077	0.0
302600.57515580376	4123643.631939418	0.0
302600.0826236259	4123643.359861165	0.0
302599.59939785034	4123643.087194021	0.0
302599.0331229742	4123642.7807678804	0.0
302598.530510168	4123642.4952340904	0.0
302598.055977544	4123642.2273585796	0.0
302597.5402486834	4123641.94398364	0.0
302597.05125623336	4123641.684034698	0.0
302596.53966737574	4123641.4257273744	0.0
302596.08356051473	4123641.186469341	0.0
302595.59301544353	4123640.9171201475	0.0
302595.14041800663	4123640.6698230808	0.0
302594.6053454724	4123640.3880134136	0.0
302594.1637678377	4123640.137496675	0.0
302593.643763841	4123639.861068831	0.0
302593.1710487228	4123639.6138748843	0.0
302592.7029476483	4123639.36157648	0.0
302592.1767943475	4123639.0878838357	0.0
302591.58925761963	4123638.789544651	0.0
302591.1281841401	4123638.5592854014	0.0
302590.6004825406	4123638.270086226	0.0
302590.04250019696	4123637.995476894	0.0
302589.43344107445	4123637.6941282977	0.0
302588.85815036495	4123637.388099858	0.0
302588.3654174318	4123637.1578451367	0.0
302587.8246953372	4123636.881164711	0.0
302587.30521714466	4123636.620823014	0.0
302586.86006437504	4123636.3755717217	0.0
302586.2893092659	4123636.0611101547	0.0
302585.84610036004	4123635.8230296094	0.0
302585.33691561	4123635.534875566	0.0
302584.816719676	4123635.262893615	0.0
302584.35583272454	4123634.9902570485	0.0
302583.84634343866	4123634.69544895	0.0
302583.3093609287	4123634.3827838358	0.0
302582.77915819094	4123634.0816165865	0.0
302582.2441108851	4123633.8009172804	0.0
302581.6126242002	4123633.426637302	0.0
302581.07440651255	4123633.1369458535	0.0
302580.52523410803	4123632.8343744986	0.0
302579.9367918405	4123632.491278621	0.0
302579.44668492075	4123632.2154437364	0.0
302578.81255832285	4123631.8673161375	0.0
302578.1863203477	4123631.496058575	0.0
302577.5481840529	4123631.1535764504	0.0
302577.0984904878	4123630.891409104	0.0
302576.4446548101	4123630.5167299146	0.0
302575.80044741195	4123630.1677293926	0.0
302575.2821903303	4123629.87756885	0.0
302574.6814100663	4123629.53827917	0.0
302574.2010746069	4123629.27535233	0.0
302573.6662875734	4123628.9805846624	0.0
302573.1369365094	4123628.68420889	0.0
302572.6263810241	4123628.407004937	0.0
302572.1573132215	4123628.151399688	0.0
302571.70307050576	4123627.903402348	0.0
302571.1336013717	4123627.561896217	0.0
302570.5331688502	4123627.2751489095	0.0
302570.0542943203	4123627.011447785	0.0
302569.56640460854	4123626.7292700596	0.0
302569.0805241157	4123626.4759107507	0.0
302568.50577979046	4123626.168020399	0.0
302567.99281481083	4123625.907896707	0.0
302567.51238315826	4123625.6220279993	0.0
302567.0049715319	4123625.3589982083	0.0
302566.4989514799	4123625.0922349934	0.0
302565.989582767	4123624.8151885406	0.0
302565.47000305954	4123624.5505946605	0.0
302565.013598617	4123624.3113452033	0.0
302564.39621376764	4123623.9768876117	0.0
302563.9530948509	4123623.730109326	0.0
302563.36592992645	4123623.4225114323	0.0
302562.81471664866	4123623.127575643	0.0
302562.1902256588	4123622.7929152637	0.0
302561.56672187115	4123622.475070002	0.0
302560.9246789209	4123622.1300904364	0.0
302560.28767184366	4123621.7853625435	0.0
302559.69700585585	4123621.4798826315	0.0
302559.1198081006	4123621.1746410923	0.0
302558.5658286173	4123620.8690385255	0.0
302558.0231517344	4123620.5785281546	0.0
302557.4612094974	4123620.2740381244	0.0
302556.8349568306	4123619.946265893	0.0
302556.1861598437	4123619.6160633815	0.0
302555.7333816495	4123619.3548948322	0.0
302555.13468732475	4123619.0351712317	0.0
302554.5213810054	4123618.729484032	0.0
302554.0393047028	4123618.461788272	0.0
302553.54449941637	4123618.200128057	0.0
302552.9475096732	4123617.883695159	0.0
302552.378665534	4123617.5876944126	0.0
302551.94196911826	4123617.3435411975	0.0
302551.3746949537	4123617.070263041	0.0
302550.7664110483	4123616.732816777	0.0
302550.1796625627	4123616.417808502	0.0
302549.5888219152	4123616.1238056086	0.0
302549.0515630044	4123615.8309479076	0.0
302548.43595552014	4123615.4966346407	0.0
302547.90086237655	4123615.226670555	0.0
302547.3739971083	4123614.9480013046	0.0
302546.8547204626	4123614.6648977534	0.0
302546.2857540363	4123614.3574280264	0.0
302545.8004070429	4123614.1142344186	0.0
302545.28646206355	4123613.8502493133	0.0
302544.79862737015	4123613.5893507996	0.0
302544.27778080356	4123613.3338547195	0.0
302543.8333864652	4123613.083221665	0.0
302543.3058294667	4123612.806604322	0.0
302542.81067121914	4123612.542547528	0.0
302542.3243890031	4123612.297340708	0.0
302541.8365411984	4123612.0547612472	0.0
302541.33920854377	4123611.805188507	0.0
302540.83381730434	4123611.527494811	0.0
302540.2588492939	4123611.2542132987	0.0
302539.68488119915	4123610.9416806265	0.0
302539.1861263647	4123610.6945469296	0.0
302538.66190031474	4123610.4274733886	0.0
302538.17229981057	4123610.1984429993	0.0
302537.70193819096	4123609.9319528444	0.0
302537.03892309376	4123609.569704827	0.0
302536.38436223654	4123609.2335331347	0.0
302535.9133568136	4123608.95854655	0.0
302535.3622502166	4123608.655653376	0.0
302534.73286875803	4123608.301866178	0.0
302534.12928466476	4123607.975597695	0.0
302533.602509661	4123607.6819391926	0.0
302533.1553879535	4123607.4285952775	0.0
302532.59712727054	4123607.117173857	0.0
302532.04914283473	4123606.808656357	0.0
302531.6072135774	4123606.5622217525	0.0
302530.90492359304	4123606.1844298407	0.0
302530.45689260605	4123605.905017341	0.0
302529.7133798344	4123605.5043255584	0.0
302529.22372621566	4123605.2290378506	0.0
302528.5397661871	4123604.8380474383	0.0
302527.92085619963	4123604.495486633	0.0
302527.3677181642	4123604.2005982934	0.0
302526.9216658959	4123603.948709819	0.0
302526.3289408895	4123603.7067479654	0.0
302525.859044267	4123603.4915025253	0.0
302525.38408552366	4123603.268604668	0.0
302524.912297286	4123603.0735727237	0.0
302524.00662070385	4123602.678361511	0.0
302523.36899342807	4123602.3828704585	0.0
302522.7448216474	4123602.118519081	0.0
302522.06163197814	4123601.8609221634	0.0
302521.4470888692	4123601.647414367	0.0
302520.9150256938	4123601.449729782	0.0
302520.1999243562	4123601.2065764004	0.0
302519.6132701379	4123600.990007184	0.0
302519.12586536363	4123600.8354957867	0.0
302518.5097434897	4123600.624060735	0.0
302517.91385242424	4123600.423622044	0.0
302517.3445980109	4123600.236064409	0.0
302516.75382555113	4123600.0456823763	0.0
302516.26983008307	4123599.885169773	0.0
302515.78079442296	4123599.7368031265	0.0
302515.2716323115	4123599.5818786104	0.0
302514.6582241691	4123599.397765351	0.0
302514.02725539077	4123599.209254315	0.0
302513.4268850413	4123599.032235872	0.0
302512.8113415091	4123598.8453974347	0.0
302512.19724187005	4123598.669627249	0.0
302511.59231387806	4123598.4938263707	0.0
302510.9824891363	4123598.323691823	0.0
302510.4821116207	4123598.1837338945	0.0
302509.9001541406	4123598.0159044	0.0
302509.33172158164	4123597.857008571	0.0
302508.6122973291	4123597.662807406	0.0
302508.09353299264	4123597.533644214	0.0
302507.58527112607	4123597.410710238	0.0
302507.0814233598	4123597.2930384963	0.0
302506.5895565995	4123597.1752699497	0.0
302506.0755064507	4123597.057838292	0.0
302505.52977064706	4123596.9330105176	0.0
302504.8469028091	4123596.770886077	0.0
302504.2188782745	4123596.632081235	0.0
302503.55237955844	4123596.4865951226	0.0
302502.9840776286	4123596.3647038876	0.0
302502.3169221595	4123596.2164577763	0.0
302501.67072813615	4123596.078820735	0.0
302501.0577505531	4123595.9507642915	0.0
302500.5637006569	4123595.847110206	0.0
302499.8958276901	4123595.71238881	0.0
302499.34630402667	4123595.602638481	0.0
302498.7311217352	4123595.4940628805	0.0
302498.1558399855	4123595.3899146244	0.0
302497.6570500053	4123595.3048758535	0.0
302497.07382300997	4123595.2088711592	0.0
302496.5066388622	4123595.115634672	0.0
302495.90679516026	4123595.0364892343	0.0
302495.37051841326	4123594.967875615	0.0
302494.7712878813	4123594.8896410116	0.0
302494.2686236149	4123594.853728204	0.0
302493.6619222694	4123594.816377429	0.0
302493.13977136876	4123594.819965818	0.0
302492.5733450877	4123594.828111639	0.0
302491.9372291938	4123594.867317925	0.0
302491.388929424	4123594.9227767037	0.0
302490.8178289761	4123594.9963504225	0.0
302490.3166228005	4123595.060138095	0.0
302489.78577078856	4123595.1340601644	0.0
302489.2551754232	4123595.212602138	0.0
302488.6697979958	4123595.301869931	0.0
302488.06785170233	4123595.4037399995	0.0
302487.5473629878	4123595.477973488	0.0
302486.883737435	4123595.5929521555	0.0
302486.3555037719	4123595.690127411	0.0
302485.6286856431	4123595.8230612455	0.0
302485.08733604674	4123595.9286867823	0.0
302484.5870871517	4123596.026869029	0.0
302484.0203231227	4123596.140123988	0.0
302483.4955251962	4123596.244990113	0.0
302482.9947023824	4123596.3502173387	0.0
302482.48803923244	4123596.4650188643	0.0
302481.9808845619	4123596.571505353	0.0
302481.39842156705	4123596.702893363	0.0
302480.78982650634	4123596.836561611	0.0
302480.2616107268	4123596.95964192	0.0
302479.6879716093	4123597.0950782644	0.0
302479.08154681034	4123597.2392426436	0.0
302478.5463341349	4123597.3856172333	0.0
302477.8677454567	4123597.568857026	0.0
302477.3766735537	4123597.7238149606	0.0
302476.7921196121	4123597.9046571883	0.0
302476.2435087582	4123598.08520883	0.0
302475.7401733133	4123598.2471167296	0.0
302475.1887446379	4123598.439947142	0.0
302474.6797472123	4123598.612720441	0.0
302474.2099544951	4123598.78549646	0.0
302473.74282781547	4123598.970977278	0.0
302473.2472904376	4123599.168783923	0.0
302472.770744451	4123599.3689192673	0.0
302472.2882364021	4123599.579742001	0.0
302471.7259365141	4123599.819827678	0.0
302471.263285283	4123600.0320335953	0.0
302470.7306097851	4123600.2799339346	0.0
302470.1969909654	4123600.5506159705	0.0
302469.67739722144	4123600.826334077	0.0
302469.224966323	4123601.0704959393	0.0
302468.7755753305	4123601.3181019886	0.0
302468.2453534485	4123601.6136841266	0.0
302467.75040904374	4123601.893263209	0.0
302467.29554315575	4123602.153395605	0.0
302466.8009424961	4123602.4412932936	0.0
302466.3332350929	4123602.734109275	0.0
302465.9044147136	4123603.0134277563	0.0
302465.4746333221	4123603.295914493	0.0
302464.9764283662	4123603.6318215164	0.0
302464.56309431506	4123603.9154015663	0.0
302464.098170695	4123604.2322068983	0.0
302463.671390341	4123604.5290559484	0.0
302463.24989816477	4123604.824300295	0.0
302462.7874927148	4123605.1475227186	0.0
302462.3512800774	4123605.458471524	0.0
302461.9428431913	4123605.755259092	0.0
302461.46836149774	4123606.0996748745	0.0
302461.05427138123	4123606.4076977	0.0
302460.64499964856	4123606.706725419	0.0
302460.1878262771	4123607.0448128222	0.0
302459.7498138142	4123607.37985885	0.0
302459.2534495425	4123607.7562458864	0.0
302458.8457306218	4123608.064674014	0.0
302458.441116894	4123608.379320326	0.0
302458.0140286952	4123608.7070780015	0.0
302457.59632076987	4123609.024808039	0.0
302457.1949818139	4123609.3403025367	0.0
302456.77894849493	4123609.6726110815	0.0
302456.3834674195	4123609.985562299	0.0
302455.9227725079	4123610.3625904587	0.0
302455.518429141	4123610.7075765217	0.0
302455.0781870597	4123611.098741296	0.0
302454.707234096	4123611.448122659	0.0
302454.30590078863	4123611.8267145664	0.0
302453.8737652216	4123612.2291608984	0.0
302453.4346544945	4123612.6495348876	0.0
302452.98393283866	4123613.0920164273	0.0
302452.58462218323	4123613.487399135	0.0
302452.13543579285	4123613.93225007	0.0
302451.74494893453	4123614.3253897745	0.0
302451.36068528646	4123614.7189381584	0.0
302451.00508874375	4123615.0921980846	0.0
302450.61732451135	4123615.49415552	0.0
302450.1694390527	4123615.962845649	0.0
302449.75821819506	4123616.411614226	0.0
302449.35397725704	4123616.861513818	0.0
