302453.7233083134	4123699.9826734765	0.0
302453.99286661024	4123700.429483906	0.0
302454.27038345917	4123700.8938705423	0.0
302454.5512052749	4123701.3541086083	0.0
302454.8958083658	4123701.9345996277	0.0
302455.1952128395	4123702.4175299476	0.0
302455.52475940145	4123702.9428644073	0.0
302455.87922959146	4123703.51516669	0.0
302456.18672733253	4123704.0151149617	0.0
302456.51966581075	4123704.539999558	0.0
302456.79796041414	4123704.9808683447	0.0
302457.16342841525	4123705.549026097	0.0
302457.461823525	4123706.0205079815	0.0
302457.695828638	4123706.4990114453	0.0
302458.0957657867	4123706.9957189923	0.0
302458.4978252279	4123707.622597397	0.0
302458.81632533344	4123708.1374598094	0.0
302459.1226706785	4123708.6576042525	0.0
302459.41110327584	4123709.1709538214	0.0
302459.6909989046	4123709.6672959165	0.0
302459.97048117244	4123710.1523605287	0.0
302460.2395306516	4123710.6341549694	0.0
302460.49478555395	4123711.1018412057	0.0
302460.67635723844	4123711.5697605745	0.0
302460.98110290687	4123712.0276060076	0.0
302461.2288254526	4123712.4832571167	0.0
302461.46788092225	4123712.9415176655	0.0
302461.7099281291	4123713.3886056338	0.0
302461.95540237427	4123713.8493056507	0.0
302462.20571239234	4123714.308041512	0.0
302462.5144109753	4123714.884196693	0.0
302462.75999372225	4123715.336937612	0.0
302463.0722971844	4123715.902830977	0.0
302463.32349423826	4123716.3615459916	0.0
302463.5813709876	4123716.821214042	0.0
302463.8336204027	4123717.2806444513	0.0
302464.08458280173	4123717.754537987	0.0
302464.3468172005	4123718.2296465635	0.0
302464.59514856664	4123718.7048972817	0.0
302464.8609707751	4123719.187878005	0.0
302465.1890911737	4123719.7972528427	0.0
302465.45160408015	4123720.2904884564	0.0
302465.6557980796	4123720.795145274	0.0
302465.9949861686	4123721.290035396	0.0
302466.1966837329	4123721.7834182177	0.0
302466.53194029746	4123722.2678993377	0.0
302466.80356781674	4123722.7461175914	0.0
302467.0716857795	4123723.2197925304	0.0
302467.3359810621	4123723.6881913785	0.0
302467.6013634383	4123724.152493853	0.0
302467.8692854835	4123724.617846788	0.0
302468.20400219504	4123725.205787316	0.0
302468.4694277917	4123725.6593566877	0.0
302468.7372323496	4123726.126007663	0.0
302469.0122993248	4123726.5932278954	0.0
302469.27436327375	4123727.0485417205	0.0
302469.5369186405	4123727.5058793873	0.0
302469.86925189785	4123728.0868446766	0.0
302470.1269670606	4123728.5459615826	0.0
302470.38730447006	4123729.003351464	0.0
302470.6451154228	4123729.472828166	0.0
302470.9147113538	4123729.9338859543	0.0
302471.1699912611	4123730.4026820837	0.0
302471.43429927516	4123730.877927082	0.0
302471.69732876203	4123731.3554226095	0.0
302472.0225907755	4123731.94395582	0.0
302472.2829979251	4123732.423178395	0.0
302472.479028414	4123732.9030885245	0.0
302472.803590406	4123733.384774405	0.0
302473.0658979646	4123733.869318335	0.0
302473.39967067505	4123734.480040718	0.0
302473.66343063844	4123734.963440269	0.0
302473.9321351522	4123735.449499019	0.0
302474.20169197104	4123735.934057432	0.0
302474.4686134296	4123736.4197880817	0.0
302474.67663772556	4123737.0273567303	0.0
302475.01717685635	4123737.3944187015	0.0
302475.2955095798	4123737.893573543	0.0
302475.57797358383	4123738.392261105	0.0
302475.9226921688	4123739.028075978	0.0
302476.19816772715	4123739.531553912	0.0
302476.5469044938	4123740.1683844733	0.0
302476.8250153077	4123740.6706901942	0.0
302477.16782887885	4123741.3009988465	0.0
302477.43296287046	4123741.798798996	0.0
302477.7622734465	4123742.4273900054	0.0
302478.0248459262	4123742.9232150456	0.0
302478.2945069339	4123743.4247944546	0.0
302478.55698371545	4123743.9228421953	0.0
302478.8204563075	4123744.4192011845	0.0
302479.15569394885	4123745.0419166433	0.0
302479.4191229588	4123745.5364263076	0.0
302479.6869746103	4123746.0302768038	0.0
302479.94769416074	4123746.516523601	0.0
302480.21689813235	4123747.0049762363	0.0
302480.47977031383	4123747.494688086	0.0
302480.7488697866	4123747.978702322	0.0
302481.08016694104	4123748.5848572957	0.0
302481.34738346416	4123749.0768724144	0.0
302481.6173960987	4123749.5619754037	0.0
302481.8877087694	4123750.0472563747	0.0
302482.1581127961	4123750.5364209684	0.0
302482.43801873655	4123751.020736076	0.0
302482.71223218134	4123751.508330755	0.0
302482.9836580651	4123751.9969162163	0.0
302483.27003501763	4123752.4921812606	0.0
302483.5392216024	4123753.005059187	0.0
302483.8124088194	4123753.5056305868	0.0
302484.0840781733	4123753.998281148	0.0
302484.3722426278	4123754.512932979	0.0
302484.64825209475	4123755.0139931017	0.0
302484.91272847273	4123755.5027421354	0.0
302485.17738739646	4123755.9866759363	0.0
302485.44258550095	4123756.46837662	0.0
302485.7054482291	4123756.9451362817	0.0
302485.96931546903	4123757.4205770595	0.0
302486.23616149055	4123757.8905816996	0.0
302486.49906311097	4123758.356423325	0.0
302486.7580162576	4123758.836790697	0.0
302487.0838418867	4123759.443074605	0.0
302487.3468002636	4123759.9301940934	0.0
302487.6803231832	4123760.542958213	0.0
302487.9438469088	4123761.0352454297	0.0
302488.2062182996	4123761.5351462583	0.0
302488.46864178847	4123762.030975069	0.0
302488.7336049289	4123762.5278543443	0.0
302489.0708112173	4123763.152559202	0.0
302489.3376704169	4123763.6545748985	0.0
302489.6120354913	4123764.1549337	0.0
302489.8840260287	4123764.6486870716	0.0
302490.22301505646	4123765.267428858	0.0
302490.49417059857	4123765.7634223313	0.0
302490.76998800936	4123766.2626367714	0.0
302490.977102136	4123766.7617816413	0.0
302491.3289677254	4123767.258857457	0.0
302491.6086293282	4123767.757981469	0.0
302491.8894345953	4123768.2554132524	0.0
302492.16669560934	4123768.7531134738	0.0
302492.44540914753	4123769.255960543	0.0
302492.72009117005	4123769.744654681	0.0
302492.9994307941	4123770.2426760886	0.0
302493.26828123844	4123770.7413143795	0.0
302493.53469187836	4123771.230573232	0.0
302493.87151458784	4123771.8390040738	0.0
302494.13522022363	4123772.3264762247	0.0
302494.39844309463	4123772.8122944133	0.0
302494.66256604873	4123773.292355304	0.0
302494.9916868961	4123773.894121058	0.0
302495.25703606626	4123774.3697122396	0.0
302495.5173537211	4123774.845236782	0.0
302495.7869472607	4123775.3251689845	0.0
302496.05636680935	4123775.80399507	0.0
302496.3847610676	4123776.3937506024	0.0
302496.6719102458	4123776.8653132017	0.0
302496.97393202677	4123777.3339353646	0.0
302497.29056507366	4123777.76964736	0.0
302497.6340775065	4123778.1971404366	0.0
302497.9993508095	4123778.6126492657	0.0
302498.3820014021	4123779.0122061963	0.0
302498.7622730233	4123779.3986815345	0.0
302499.1580649792	4123779.765732975	0.0
302499.5560225417	4123780.130513046	0.0
302499.97346655	4123780.480956919	0.0
302500.41141468275	4123780.82259175	0.0
302501.0718938331	4123781.3164567095	0.0
302501.51602558955	4123781.644253412	0.0
302501.97422957595	4123781.9539555535	0.0
302502.4356773426	4123782.2380463867	0.0
302502.91388035263	4123782.492322248	0.0
302503.3986846749	4123782.744222383	0.0
302503.88795061904	4123782.984545319	0.0
302504.3839135212	4123783.2202698444	0.0
302504.89401802875	4123783.4219850637	0.0
302505.4002041856	4123783.6143556517	0.0
302506.0480111357	4123783.808575259	0.0
302506.56196758687	4123783.935075205	0.0
302507.0717577627	4123784.0479805185	0.0
302507.5764597188	4123784.1458325954	0.0
302508.0754428712	4123784.2269809493	0.0
302508.5787571342	4123784.2910040906	0.0
302509.1002268513	4123784.31555745	0.0
302509.89312213665	4123784.3006034107	0.0
302510.429202716	4123784.2544993	0.0
302511.1070122672	4123784.1645377837	0.0
302511.6411698825	4123784.049275415	0.0
302512.16694287764	4123783.9108957713	0.0
302512.6897323476	4123783.7463112017	0.0
302513.19613110495	4123783.551581298	0.0
302513.6916316921	4123783.3337932522	0.0
302514.185401308	4123783.0990226218	0.0
302514.6713040806	4123782.863141849	0.0
302515.1583070657	4123782.6237195344	0.0
302515.6509764269	4123782.379908102	0.0
302516.1411756831	4123782.1317139426	0.0
302516.6320142546	4123781.885540173	0.0
302517.1190607134	4123781.6353848507	0.0
302517.6074726471	4123781.380386487	0.0
302518.2135256879	4123781.0511964816	0.0
302518.7024246948	4123780.791745858	0.0
302519.18672690366	4123780.512974601	0.0
302519.6691723376	4123780.243313834	0.0
302520.1482735824	4123779.9698460083	0.0
302520.6380769757	4123779.6859494383	0.0
302521.12403618917	4123779.4084345717	0.0
302521.7322765577	4123779.046441957	0.0
302522.3387209393	4123778.6835664585	0.0
302522.82664584345	4123778.401564582	0.0
302523.3217854486	4123778.13068022	0.0
302523.8263880595	4123777.8721557306	0.0
302524.3348740715	4123777.6089140098	0.0
302524.85057029856	4123777.344022407	0.0
302525.3558992327	4123777.084925823	0.0
302525.8638808556	4123776.819105557	0.0
302526.49629656866	4123776.4911463633	0.0
302527.0025692353	4123776.2281419192	0.0
302527.5128644616	4123775.9600468976	0.0
302528.0131185631	4123775.6990344706	0.0
302528.5122811367	4123775.4356422815	0.0
302529.01812769496	4123775.167096905	0.0
302529.518842796	4123774.9005226404	0.0
302530.0188186427	4123774.6339657987	0.0
302530.53196672176	4123774.355071755	0.0
302531.030733673	4123774.0874331994	0.0
302531.520951052	4123773.8211060194	0.0
302532.02855896717	4123773.545673058	0.0
302532.5306484136	4123773.2746257847	0.0
302533.02640179184	4123773.004652777	0.0
302533.51783248404	4123772.7270099674	0.0
302534.1279744579	4123772.3892133334	0.0
302534.61743957363	4123772.1097664693	0.0
302535.104547768	4123771.837036383	0.0
302535.5858243123	4123771.561667972	0.0
302536.0614605673	4123771.285507089	0.0
302536.5413065137	4123771.0184990223	0.0
302537.0146946905	4123770.7599695274	0.0
302537.49180547765	4123770.508753942	0.0
302537.9709384955	4123770.2617466487	0.0
302538.4428265422	4123770.014909814	0.0
302538.91858935327	4123769.769277114	0.0
302539.52932768466	4123769.4505256065	0.0
302540.00625595864	4123769.1978341774	0.0
302540.4966696509	4123768.9398295735	0.0
302541.1061556379	4123768.61814707	0.0
302541.5879066781	4123768.3566455836	0.0
302542.0781552065	4123768.097904818	0.0
302542.705597169	4123767.765993132	0.0
302543.1984940377	4123767.494052563	0.0
302543.69577009464	4123767.2196035427	0.0
302544.1997780587	4123766.948326851	0.0
302544.6942318446	4123766.6733891736	0.0
302545.1908861175	4123766.3976596203	0.0
302545.802229246	4123766.060575787	0.0
302546.41505959706	4123765.711244626	0.0
302546.9130924969	4123765.431226919	0.0
302547.4140087136	4123765.1605782695	0.0
302547.909601963	4123764.8711811653	0.0
302548.40712604177	4123764.5758175133	0.0
302548.90061030106	4123764.2973872195	0.0
302549.3826051878	4123764.014786346	0.0
302549.8679834211	4123763.731365772	0.0
302550.34533389844	4123763.4462836976	0.0
302550.81883151305	4123763.1735046743	0.0
302551.28336628317	4123762.8844682784	0.0
302551.75903396273	4123762.609602867	0.0
302552.2266825419	4123762.3271545894	0.0
302552.7048159607	4123762.043904607	0.0
302553.1731994933	4123761.7549628294	0.0
302553.7664870671	4123761.386108018	0.0
302554.24798210943	4123761.0948224985	0.0
302554.7236151411	4123760.812186562	0.0
302555.2189175627	4123760.5292730327	0.0
302555.71011050337	4123760.2540426813	0.0
302556.1884485569	4123759.97319357	0.0
302556.67244001606	4123759.6936918003	0.0
302557.1497562614	4123759.4260043553	0.0
302557.62951655197	4123759.161590103	0.0
302558.1090507143	4123758.8938505477	0.0
302558.5834012055	4123758.625862877	0.0
302559.185669598	4123758.292879302	0.0
302559.6666258825	4123758.022700921	0.0
302560.14354658977	4123757.7570583606	0.0
302560.61936707626	4123757.488666164	0.0
302561.10608556896	4123757.2244585343	0.0
302561.5857678042	4123756.9567157086	0.0
302562.0731690946	4123756.690086608	0.0
302562.68856653286	4123756.3429167788	0.0
302563.18179083674	4123756.072265023	0.0
302563.80763403204	4123755.722629154	0.0
302564.3061333874	4123755.4435267686	0.0
302564.8012234261	4123755.176716992	0.0
302565.2978355634	4123754.911721809	0.0
302565.7998532063	4123754.6438239748	0.0
302566.3310508656	4123754.358586585	0.0
302566.821039934	4123754.0887512993	0.0
302567.2551391609	4123753.80413957	0.0
302567.9051226021	4123753.5157312076	0.0
302568.35740389396	4123753.265471569	0.0
302568.81178128114	4123753.0099816425	0.0
302569.4886225015	4123752.627135486	0.0
302570.0403942305	4123752.3234659336	0.0
302570.57526244747	4123752.024449822	0.0
302571.09993727284	4123751.732334798	0.0
302571.62649084075	4123751.450907721	0.0
302572.1401504333	4123751.174779919	0.0
302572.6535491388	4123750.900138577	0.0
302573.159789859	4123750.629366346	0.0
302573.65862034634	4123750.3580282875	0.0
302574.1634391246	4123750.095986265	0.0
302574.6708193548	4123749.8359194305	0.0
302575.1870754609	4123749.588411372	0.0
302575.8386339224	4123749.2816551696	0.0
302576.3620655379	4123749.037309076	0.0
302576.87623003527	4123748.801507601	0.0
302577.39359955734	4123748.5573041528	0.0
302577.91333052336	4123748.325442624	0.0
302578.41596220306	4123748.083621259	0.0
302578.9293223059	4123747.8513545236	0.0
302579.434050188	4123747.623176601	0.0
302579.93659937725	4123747.396715278	0.0
302580.44997700246	4123747.1777708344	0.0
302580.9659726357	4123746.969496953	0.0
302581.48273371987	4123746.7748977817	0.0
302582.0027911825	4123746.582071478	0.0
302582.54267024365	4123746.3828578796	0.0
302583.070520703	4123746.1879980047	0.0
302583.61393097026	4123745.9816700537	0.0
302584.14876558917	4123745.7944175145	0.0
302584.6928500298	4123745.610463161	0.0
302585.252720517	4123745.4498222177	0.0
302585.8032716564	4123745.2892154492	0.0
302586.49847079243	4123745.0893098773	0.0
302587.05877186754	4123744.9281038237	0.0
302587.6070095557	4123744.7760632513	0.0
302588.16732808	4123744.6218882394	0.0
302588.86090524984	4123744.4284972795	0.0
302589.41729696566	4123744.3023551665	0.0
302589.9792681487	4123744.1807077816	0.0
302590.5387649144	4123744.060783952	0.0
302591.0961177653	4123743.944056197	0.0
302591.6552405852	4123743.8333930466	0.0
302592.19979079167	4123743.7384306467	0.0
302592.7487071442	4123743.640405024	0.0
302593.2935487361	4123743.5452508056	0.0
302593.83865996986	4123743.4552712976	0.0
302594.37665233185	4123743.3771165186	0.0
302594.9211373953	4123743.3045452056	0.0
302595.4698146605	4123743.234095777	0.0
302596.00978141406	4123743.1769887963	0.0
302596.5613549861	4123743.122754511	0.0
302597.1161727703	4123743.093238817	0.0
302597.67229954305	4123743.0753496545	0.0
302598.2396374011	4123743.0623778966	0.0
302598.7947074357	4123743.0498797107	0.0
302599.35138650786	4123743.036603575	0.0
302599.9171849012	4123743.021077627	0.0
302600.4690890567	4123743.0186459543	0.0
302601.0237068307	4123743.0183709357	0.0
302601.58122956904	4123743.022098438	0.0
302602.1368432138	4123743.032717207	0.0
302602.82751597045	4123743.0492267404	0.0
302603.3840428421	4123743.060934335	0.0
302603.9373690304	4123743.0749376654	0.0
302604.63680885907	4123743.1056739995	0.0
302605.34412426315	4123743.1378905205	0.0
302606.0433727368	4123743.1919460273	0.0
302606.6136025069	4123743.2516260403	0.0
302607.1838018297	4123743.3225940126	0.0
302607.7589674153	4123743.403437191	0.0
302608.3287318435	4123743.499950458	0.0
302608.8951955519	4123743.5945059783	0.0
302609.75706541364	4123743.7444721977	0.0
302610.33677972335	4123743.8426019847	0.0
302610.9160069562	4123743.945184132	0.0
302611.48814571183	4123744.0608855346	0.0
302612.05754473177	4123744.192194435	0.0
302612.6099183764	4123744.3355609993	0.0
302613.16822369257	4123744.4858194906	0.0
302613.7297427093	4123744.6343371244	0.0
302614.28734348394	4123744.779801314	0.0
302614.8508672308	4123744.931787565	0.0
302615.41378213046	4123745.083048026	0.0
302615.9642726324	4123745.23441564	0.0
302616.51064050023	4123745.386620374	0.0
302617.1832002632	4123745.5891482388	0.0
302617.72073140333	4123745.768206042	0.0
302618.2553923374	4123745.951032092	0.0
302618.7867786375	4123746.139301222	0.0
302619.44952308293	4123746.4025668777	0.0
302619.9760299913	4123746.622406958	0.0
302620.50124963874	4123746.844127699	0.0
302621.0170846486	4123747.075691019	0.0
302621.5402037694	4123747.3150396473	0.0
302622.05582124763	4123747.5688124793	0.0
302622.7107767668	4123747.8972092094	0.0
302623.22497212014	4123748.159712247	0.0
302623.7475344308	4123748.419428071	0.0
302624.27461503656	4123748.6888446016	0.0
302624.7916239273	4123748.9514666097	0.0
302625.2997308806	4123749.225585165	0.0
302625.80420658074	4123749.5088559026	0.0
302626.2984235597	4123749.7899624137	0.0
302626.7918837866	4123750.0892202887	0.0
302627.28179538884	4123750.3948528566	0.0
302627.76763218665	4123750.697065576	0.0
302628.25862653775	4123751.0109993643	0.0
302628.7497295865	4123751.316974069	0.0
302629.2311522846	4123751.6265070653	0.0
302629.7166279714	4123751.9385352926	0.0
302630.1915361811	4123752.247851441	0.0
302630.66593990603	4123752.55458897	0.0
302631.13863451855	4123752.8704334768	0.0
302631.59736961697	4123753.190306959	0.0
302632.1616875769	4123753.6026214715	0.0
302632.6023187201	4123753.945310044	0.0
302633.0326867843	4123754.291940671	0.0
302633.46416802896	4123754.6607494773	0.0
302633.8872692045	4123755.031790738	0.0
302634.3042168302	4123755.417964628	0.0
302634.72476950096	4123755.8127504704	0.0
302635.12660948955	4123756.210751851	0.0
302635.5252965891	4123756.6130832103	0.0
302635.92915426625	4123757.0276904358	0.0
302636.23266068916	4123757.4309256417	0.0
302636.72574114066	4123757.836627581	0.0
302637.1170308599	4123758.245239127	0.0
302637.51344773464	4123758.6454035137	0.0
302637.9171747962	4123759.048171582	0.0
302638.3034677402	4123759.4456134583	0.0
302638.70218499313	4123759.8429482663	0.0
302639.09450522193	4123760.238768172	0.0
302639.4862165906	4123760.633862264	0.0
302639.8711178013	4123761.028746419	0.0
302640.2498698491	4123761.4263656735	0.0
302640.62572124467	4123761.8264586106	0.0
302641.0051472406	4123762.233868962	0.0
302641.37015281885	4123762.6319964966	0.0
302641.7328360864	4123763.044611463	0.0
302642.0881438346	4123763.4644312253	0.0
302642.4365326755	4123763.8920001555	0.0
302642.77324944607	4123764.326504822	0.0
302643.1919742322	4123764.8763942798	0.0
302643.52183727943	4123765.3214221364	0.0
302643.9210621818	4123765.885092693	0.0
302644.22923365067	4123766.3324809307	0.0
302644.54623732506	4123766.790578652	0.0
302644.84321500227	4123767.2589541334	0.0
302645.13177781436	4123767.7343738	0.0
302645.42219317186	4123768.206789344	0.0
302645.71647011756	4123768.6924367053	0.0
302646.00698541617	4123769.169105746	0.0
302646.29795292177	4123769.6524254614	0.0
302646.5907772943	4123770.139217216	0.0
302646.8841756924	4123770.6189641114	0.0
302647.2407214731	4123771.229897255	0.0
302647.5158942144	4123771.720989799	0.0
302647.78430031694	4123772.2074305033	0.0
302648.0564462664	4123772.701924876	0.0
302648.31484149233	4123773.1967425444	0.0
302648.573506315	4123773.6904436653	0.0
302648.8357283712	4123774.184431232	0.0
302649.0924187969	4123774.6822495814	0.0
302649.3380590847	4123775.1757018277	0.0
302649.63989307376	4123775.800318785	0.0
302649.879292822	4123776.305204966	0.0
302650.059045897	4123776.811574102	0.0
302650.360527491	4123777.3241718994	0.0
302650.5972874493	4123777.8363365694	0.0
302650.8327514805	4123778.3437207732	0.0
302651.06377975305	4123778.857500497	0.0
302651.2851320611	4123779.375023397	0.0
302651.50126153004	4123779.890633698	0.0
302651.8249947111	4123780.666465463	0.0
302652.02376400627	4123781.179893414	0.0
302652.2230594292	4123781.703115911	0.0
302652.4120918169	4123782.230280422	0.0
302652.59927161084	4123782.7604490686	0.0
302652.78639048245	4123783.2943198737	0.0
302652.9655076513	4123783.833929888	0.0
302653.1495214614	4123784.374164926	0.0
302653.3358182917	4123784.9234130643	0.0
302653.4675827533	4123785.467722911	0.0
302653.6393852702	4123786.0073426687	0.0
302653.80943519814	4123786.5595205515	0.0
302654.0262289188	4123787.1061504222	0.0
302654.19833581295	4123787.6433347627	0.0
302654.36509810784	4123788.179719578	0.0
302654.5327779606	4123788.7173780757	0.0
302654.7380388238	4123789.387379037	0.0
302654.9054794421	4123789.927448634	0.0
302655.11246667587	4123790.6016648463	0.0
302655.2693963914	4123791.141426453	0.0
302655.42980940035	4123791.684621857	0.0
302655.5876610025	4123792.2258420824	0.0
302655.7523617859	4123792.775227912	0.0
302655.9092174879	4123793.3181368816	0.0
302656.05597106996	4123793.8655391857	0.0
302656.1617951869	4123794.5463024816	0.0
302656.37041660014	4123795.0958530735	0.0
302656.51165599405	4123795.6352434317	0.0
302656.64626785467	4123796.1884822766	0.0
302656.8140684832	4123796.8697259887	0.0
302656.9541423691	4123797.4098838973	0.0
302657.07746494655	4123797.954876496	0.0
302657.2025835287	4123798.500752055	0.0
302657.3183132597	4123799.037411505	0.0
302657.42895492737	4123799.584182524	0.0
302657.5318645409	4123800.1355761904	0.0
302657.63016885426	4123800.686152948	0.0
302657.70088989986	4123801.2462899494	0.0
302657.8156533444	4123801.8049613866	0.0
302657.8961626571	4123802.360027299	0.0
302657.98652175465	4123802.9250386306	0.0
302658.06311280874	4123803.489633504	0.0
302658.1432176269	4123804.05266548	0.0
302658.2194694773	4123804.6154179676	0.0
302658.28765881597	4123805.175029354	0.0
302658.3473681678	4123805.7326196707	0.0
302658.410312962	4123806.2893937803	0.0
302658.46787402156	4123806.849995181	0.0
302658.5295837837	4123807.4045778923	0.0
302658.58374852035	4123807.9591529495	0.0
302658.64590618847	4123808.513910168	0.0
302658.69786614773	4123809.062800941	0.0
302658.75448790693	4123809.6149127684	0.0
302658.8037472835	4123810.1684929347	0.0
302658.85281097784	4123810.7200423055	0.0
302658.9072496639	4123811.273685745	0.0
302658.9524298941	4123811.836243547	0.0
302658.9873566112	4123812.3900225535	0.0
302659.0454170043	4123812.953525881	0.0
302659.08932307275	4123813.5122278817	0.0
302659.1256580075	4123814.076103852	0.0
302659.1524692742	4123814.6376132173	0.0
302659.1876126607	4123815.2011471298	0.0
302659.2157719914	4123815.769656175	0.0
302659.23730391345	4123816.3331400193	0.0
302659.2540087581	4123816.898957781	0.0
302659.27242262824	4123817.4682510495	0.0
302659.2874184168	4123818.0368845332	0.0
302659.2962521083	4123818.6014070576	0.0
302659.30291143805	4123819.16783106	0.0
302659.3110275608	4123819.7395868637	0.0
302659.3142992797	4123820.3003543904	0.0
302659.3213195787	4123820.8632542235	0.0
302659.3250311953	4123821.431925244	0.0
302659.32788042375	4123821.985529016	0.0
302659.3259206403	4123822.5503052967	0.0
302659.3252437397	4123823.113016019	0.0
302659.3259323292	4123823.6771749295	0.0
302659.3177278228	4123824.240617736	0.0
302659.3127848474	4123824.8043539333	0.0
302659.3084848087	4123825.5024112356	0.0
302659.2986843664	4123826.0608955873	0.0
302659.29478074284	4123826.624792392	0.0
302659.28554129915	4123827.181968302	0.0
302659.27661496203	4123827.7398769986	0.0
302659.2726678727	4123828.3019244634	0.0
302659.2629102709	4123828.9943739576	0.0
302659.2612948252	4123829.684657086	0.0
302659.2610217816	4123830.2343494454	0.0
302659.2689808466	4123830.7816800782	0.0
302659.273548614	4123831.328354402	0.0
302659.2792564098	4123831.875685035	0.0
302659.2919860311	4123832.420929255	0.0
302659.29975008144	4123832.971414194	0.0
302659.3108061224	4123833.5171958352	0.0
302659.31698730454	4123834.0569858933	0.0
302659.3245382868	4123834.604700302	0.0
302659.33272852283	4123835.154435079	0.0
302659.3374615554	4123835.7018456645	0.0
302659.34643893095	4123836.247306106	0.0
302659.3557163365	4123836.799235758	0.0
302659.36466762703	4123837.3435865976	0.0
302659.37261001905	4123837.889071372	0.0
302659.3802783761	4123838.4480702253	0.0
302659.3916525049	4123839.011654192	0.0
302659.4009247709	4123839.5842616814	0.0
302659.4144376449	4123840.171618695	0.0
302659.43155931414	4123840.887305929	0.0
302659.458382817	4123841.625524516	0.0
302659.4776360445	4123842.199053904	0.0
302659.48901388375	4123842.7522294316	0.0
302659.51010665775	4123843.315908657	0.0
302659.52470685873	4123843.874004404	0.0
302659.53992959345	4123844.442642084	0.0
302659.56217404624	4123845.0083201216	0.0
302659.5825144413	4123845.5840443852	0.0
302659.59702322044	4123846.163421436	0.0
302659.61233211827	4123846.7516614106	0.0
302659.6279454858	4123847.327681843	0.0
302659.63986681274	4123847.903974114	0.0
302659.6524187245	4123848.475625655	0.0
302659.66963682824	4123849.038100726	0.0
302659.68544600415	4123849.590987043	0.0
302659.6920272668	4123850.1414998034	0.0
302659.69301176164	4123850.693069324	0.0
302659.6916436447	4123851.238958037	0.0
302659.69484534184	4123851.922591221	0.0
302659.6991740005	4123852.4716766523	0.0
302659.69737536967	4123853.0181305967	0.0
302659.70305581094	4123853.7065164456	0.0
302659.7012224367	4123854.24519969	0.0
302659.701776428	4123854.797334445	0.0
302659.70526147884	4123855.3419988463	0.0
302659.70970757725	4123855.8897862663	0.0
302659.7150146919	4123856.4427344566	0.0
302659.7183996603	4123857.002019066	0.0
302659.72615504527	4123857.564716613	0.0
302659.73022271355	4123858.134162159	0.0
302659.73535580846	4123858.704877911	0.0
302659.7447158434	4123859.2729037805	0.0
302659.74747086805	4123859.8492933903	0.0
302659.75997428596	4123860.425320084	0.0
302659.76558139065	4123860.9973199465	0.0
302659.76171708887	4123861.562881182	0.0
302659.76278854196	4123862.1307318467	0.0
302659.7624510076	4123862.701576217	0.0
302659.75909550115	4123863.2699010344	0.0
302659.7611012716	4123863.978172153	0.0
302659.762285782	4123864.5508311028	0.0
302659.76070886874	4123865.1255903714	0.0
302659.75734033645	4123865.6933603897	0.0
302659.7542631388	4123866.2672297503	0.0
302659.74586750404	4123866.841409185	0.0
302659.7353280159	4123867.4062021817	0.0
302659.72769778466	4123867.9751826115	0.0
302659.716627785	4123868.5362873585	0.0
302659.7175862361	4123869.099329748	0.0
302659.70968709106	4123869.6610449147	0.0
302659.6994861768	4123870.2234796626	0.0
302659.697030925	4123870.786047204	0.0
302659.69242306903	4123871.3514408944	0.0
302659.690389652	4123871.9130733367	0.0
302659.68761264556	4123872.468246999	0.0
302659.68353537854	4123873.0247464823	0.0
302659.68275008857	4123873.5765426704	0.0
302659.67770746816	4123874.1234429725	0.0
302659.67621337477	4123874.670259849	0.0
302659.6759238916	4123875.211682358	0.0
302659.67539522407	4123875.7555159605	0.0
302659.6724313135	4123876.296446238	0.0
302659.67308551987	4123876.8339608028	0.0
302659.6691605704	4123877.371768063	0.0
302659.6624611629	4123877.9111208394	0.0
302659.65872755594	4123878.4507739623	0.0
302659.65341537155	4123878.992499596	0.0
302659.6475509032	4123879.5359035386	0.0
302659.6442434516	4123880.081097727	0.0
302659.6383094252	4123880.62154273	0.0
302659.63482369133	4123881.165445858	0.0
302659.63047256856	4123881.7102945135	0.0
302659.63143118704	4123882.254463228	0.0
302659.62585807446	4123882.803966517	0.0
302659.62593759096	4123883.499515454	0.0
302659.62440004805	4123884.050774228	0.0
302659.6207012065	4123884.604489286	0.0
302659.62436462514	4123885.1693184576	0.0
302659.6208397344	4123885.7241396434	0.0
302659.620258257	4123886.4230347727	0.0
302659.6189337517	4123886.989646539	0.0
302659.6184920559	4123887.549761287	0.0
302659.61685445276	4123888.115640273	0.0
302659.61363395816	4123888.6771156043	0.0
302659.61300960823	4123889.2420455883	0.0
302659.60530999687	4123889.8017758667	0.0
302659.60578585515	4123890.3694555266	0.0
302659.59808190406	4123890.9290008717	0.0
302659.60054080735	4123891.4866419593	0.0
302659.5950503384	4123892.04595023	0.0
302659.5968264962	4123892.60601284	0.0
302659.5953107219	4123893.1644875207	0.0
302659.58908963227	4123893.7367654983	0.0
302659.59102235007	4123894.2971945014	0.0
302659.5861966044	4123895.0043310164	0.0
302659.584190028	4123895.5687027285	0.0
302659.58006443485	4123896.1341207726	0.0
302659.5799401903	4123896.707735704	0.0
302659.5839640618	4123897.4011565256	0.0
302659.5866099893	4123897.9604585487	0.0
302659.5907040582	4123898.512140043	0.0
302659.5938892893	4123899.0566264964	0.0
302659.5977007252	4123899.6025785175	0.0
302659.60409957956	4123900.15790655	0.0
302659.6082551476	4123900.7113671647	0.0
302659.6118398018	4123901.267386268	0.0
302659.61208958493	4123901.8380318326	0.0
302659.6249759912	4123902.5497479117	0.0
302659.6234688895	4123903.127466156	0.0
302659.63286822336	4123903.7097389237	0.0
302659.6414407155	4123904.433028667	0.0
302659.6450905287	4123905.154583785	0.0
302659.6614428522	4123905.862702695	0.0
302659.6660413668	4123906.4232540727	0.0
302659.6599247609	4123906.987388017	0.0
302659.6549344739	4123907.549090012	0.0
302659.6426602159	4123908.103006705	0.0
302659.6298728322	4123908.653974883	0.0
302659.6061964458	4123909.1948370435	0.0
302659.5799021929	4123909.731319886	0.0
302659.55151621334	4123910.2732179537	0.0
302659.5248784105	4123910.8139647045	0.0
302659.49333098053	4123911.353531632	0.0
302659.46409700025	4123911.903406194	0.0
302659.4356545019	4123912.4491913533	0.0
302659.39696162834	4123913.1378803668	0.0
302659.36887572624	4123913.6862476505	0.0
302659.34221617057	4123914.238652196	0.0
302659.3154696657	4123914.787358063	0.0
302659.2802470482	4123915.478926072	0.0
302659.2514349467	4123916.0278655407	0.0
302659.226180024	4123916.5833826796	0.0
302659.1995552639	4123917.143557929	0.0
302659.17357412854	4123917.699647252	0.0
302659.1497629381	4123918.266232617	0.0
302659.12179878587	4123918.8323605172	0.0
302659.099705337	4123919.39650003	0.0
302659.0768203982	4123919.971020176	0.0
302659.0524177896	4123920.543910679	0.0
302659.0257800084	4123921.1098223603	0.0
302659.00614350836	4123921.6903723306	0.0
302658.9786397291	4123922.414510274	0.0
302658.95408924366	4123922.9999867156	0.0
302658.9322784075	4123923.588729399	0.0
302658.9140943408	4123924.180717463	0.0
302658.89511443966	4123924.782901228	0.0
302658.8705937981	4123925.526952945	0.0
302658.8576237828	4123926.120483752	0.0
302658.8592217945	4123926.7044202494	0.0
302658.8661295667	4123927.2750943424	0.0
302658.8761944802	4123927.8416234166	0.0
302658.88275007484	4123928.3973178635	0.0
302658.8921236213	4123928.947024904	0.0
302658.90371935396	4123929.4905735054	0.0
302658.92095035	4123930.185719257	0.0
302658.9299064048	4123930.74283756	0.0
302658.9372713846	4123931.3048586976	0.0
302658.9525628449	4123931.8701001885	0.0
302658.96232778864	4123932.417577595	0.0
302658.97920707543	4123932.978210341	0.0
302658.9826403385	4123933.5395292854	0.0
302658.9912920237	4123934.0899934447	0.0
302659.00265291217	4123934.6424293085	0.0
302659.01205256744	4123935.1932459557	0.0
302659.0212565438	4123935.7420318066	0.0
302659.0330479569	4123936.29390244	0.0
302659.0420127767	4123936.838808155	0.0
302659.05686564534	4123937.3887564507	0.0
302659.065678265	4123937.9334807107	0.0
302659.0785220772	4123938.4797755177	0.0
302659.0876739151	4123939.0200509336	0.0
302659.1030573582	4123939.561105022	0.0
302659.11624425557	4123940.2289605127	0.0
302659.1280400747	4123940.768433626	0.0
302659.1467981017	4123941.30200693	0.0
302659.15947235294	4123941.8410893176	0.0
302659.17439487355	4123942.3751228703	0.0
302659.187408363	4123942.9034651862	0.0
302659.19448158646	4123943.437128175	0.0
302659.21175672894	4123943.9705513082	0.0
302659.2238178315	4123944.508722933	0.0
302659.23562236014	4123945.0485659153	0.0
302659.2531056865	4123945.729272931	0.0
302659.2675280861	4123946.2734952318	0.0
302659.27039609535	4123946.829646466	0.0
302659.2858138009	4123947.5168783115	0.0
302659.2871032539	4123948.0751020573	0.0
302659.2914845704	4123948.638989231	0.0
302659.29952747654	4123949.195018802	0.0
302659.2981772858	4123949.7605210175	0.0
302659.30750740203	4123950.314669964	0.0
302659.31215837575	4123950.871149353	0.0
302659.3194489787	4123951.4266415033	0.0
302659.31632892694	4123951.9860791396	0.0
302659.308647153	4123952.5465492094	0.0
302659.30529661954	4123953.108767807	0.0
302659.2967276843	4123953.681841193	0.0
302659.28966344893	4123954.2371157324	0.0
302659.27645888063	4123954.808077673	0.0
302659.270008271	4123955.377654696	0.0
302659.2503628872	4123955.9444431094	0.0
302659.2310218897	4123956.6571019813	0.0
302659.2167426891	4123957.377413364	0.0
302659.2004375936	4123957.9423420127	0.0
302659.18069706525	4123958.5121623715	0.0
302659.1660531121	4123959.091114714	0.0
302659.15708847204	4123959.672524038	0.0
302659.14011367806	4123960.24672024	0.0
302659.1199383072	4123960.816920897	0.0
302659.09998905915	4123961.3904468897	0.0
302659.0802180864	4123961.971555174	0.0
302659.0571943621	4123962.546448705	0.0
302659.03647108347	4123963.118512609	0.0
302659.0143518412	4123963.706707481	0.0
302658.99275447434	4123964.2856382737	0.0
302658.9699003692	4123964.8614530005	0.0
302658.9505468844	4123965.4477324868	0.0
302658.92838421266	4123966.027786791	0.0
302658.9083871719	4123966.6055697463	0.0
302658.8912645739	4123967.186060663	0.0
302658.86702766735	4123967.7533962433	0.0
302658.83785070886	4123968.3245486915	0.0
302658.80377283145	4123968.901182415	0.0
302658.78311921074	4123969.4699140405	0.0
302658.7596786236	4123970.0421830476	0.0
302658.7319710314	4123970.610384205	0.0
302658.71805783815	4123971.1700756205	0.0
302658.705405721	4123971.739359269	0.0
302658.6967621596	4123972.5672292206	0.0
302658.69339444535	4123973.1161256433	0.0
302658.6883655618	4123973.6635808316	0.0
302658.6906728494	4123974.2021668423	0.0
302658.6925322331	4123974.7405783455	0.0
302658.6941654564	4123975.288246976	0.0
302658.6983161127	4123975.9618660426	0.0
302658.70533340273	4123976.508041993	0.0
302658.7089883099	4123977.0512930667	0.0
302658.7187839356	4123977.5937738144	0.0
302658.7262834561	4123978.145560357	0.0
302658.7282384942	4123978.694331639	0.0
302658.7388994617	4123979.2484493214	0.0
302658.74489386426	4123979.9501505406	0.0
302658.7463835877	4123980.504298814	0.0
302658.7541222838	4123981.059965495	0.0
302658.75515539	4123981.6198606254	0.0
302658.75699735177	4123982.176406089	0.0
302658.76197994023	4123982.7368560233	0.0
302658.7573023841	4123983.2967928713	0.0
302658.758866001	4123983.8666674835	0.0
302658.7597512477	4123984.4328573244	0.0
302658.7568140534	4123985.000062215	0.0
302658.75496838306	4123985.5633556847	0.0
302658.7576539874	4123986.1243221853	0.0
302658.75676935865	4123986.6907386766	0.0
302658.75617608835	4123987.25696328	0.0
302658.75810502423	4123987.8234986565	0.0
302658.76207779686	4123988.3951669936	0.0
302658.7600538159	4123988.969751865	0.0
302658.7667183874	4123989.5426521692	0.0
302658.7710999027	4123990.125413067	0.0
302658.77278530283	4123990.7004658366	0.0
302658.78352452675	4123991.27678603	0.0
302658.7820310409	4123991.867641613	0.0
302658.82486210205	4123992.745556379	0.0
302658.9076274574	4123993.333690792	0.0
302659.033200633	4123993.911566934	0.0
302659.21401000675	4123994.466680211	0.0
302659.4426238114	4123994.991248806	0.0
302659.71987697657	4123995.4830326536	0.0
302660.04038161505	4123995.926800434	0.0
302660.5037512203	4123996.400330792	0.0
302661.01918279834	4123996.760135157	0.0
302661.5611934129	4123997.023465922	0.0
302662.1081748259	4123997.1836147103	0.0
302662.66169250454	4123997.256827903	0.0
302663.21898503386	4123997.2577882777	0.0
302663.7878581097	4123997.2101819864	0.0
302664.4930649502	4123997.0844308054	0.0
302665.0805332241	4123996.9090825426	0.0
302665.64725895226	4123996.6505856477	0.0
302666.0998291512	4123996.4005087535	0.0
302666.54383262404	4123996.1447121333	0.0
302666.98252651363	4123995.8770130198	0.0
302667.41662839946	4123995.5838869005	0.0
302667.833401214	4123995.2584168166	0.0
302668.3157387251	4123994.8020650516	0.0
302668.66238187614	4123994.3818399357	0.0
302668.9655086209	4123993.9228551346	0.0
302669.22216621274	4123993.431656331	0.0
302669.41153783334	4123992.903736943	0.0
302669.5253299273	4123992.361873765	0.0
302669.63770570944	4123991.80781669	0.0
302669.6987325648	4123991.213341098	0.0
302669.7483097041	4123990.578611775	0.0
302669.77733907977	4123990.064083916	0.0
302669.7900568838	4123989.529030455	0.0
302669.7859638076	4123988.8011944806	0.0
302669.7702068939	4123988.2568185064	0.0
302669.75100585725	4123987.7169643724	0.0
302669.74153266184	4123987.1818775134	0.0
302669.73314664327	4123986.642694301	0.0
302669.72456494847	4123986.1014802908	0.0
302669.7147526018	4123985.558259817	0.0
302669.70848870714	4123985.021247147	0.0
302669.70521668886	4123984.4793532016	0.0
302669.7072238525	4123983.9480672386	0.0
302669.70756118564	4123983.4086789433	0.0
302669.71125917067	4123982.8720159945	0.0
302669.7112755021	4123982.339637809	0.0
302669.7156134902	4123981.81939922	0.0
302669.7138234033	4123981.319328152	0.0
302669.717013996	4123980.676827381	0.0
302669.71401196957	4123980.0532663437	0.0
302669.7159896921	4123979.4694313398	0.0
302669.72348940134	4123978.8949028314	0.0
302669.7374119032	4123978.348163783	0.0
302669.7611013643	4123977.8141476465	0.0
302669.78653451963	4123977.303960178	0.0
302669.82866259327	4123976.6795829884	0.0
302669.8749478746	4123976.074721898	0.0
302669.9009858954	4123975.4832893466	0.0
302669.9369213403	4123974.9038364952	0.0
302669.95757995464	4123974.347872317	0.0
302669.97225058754	4123973.776320843	0.0
302669.98388994765	4123973.2646073066	0.0
302669.9974299085	4123972.7015940803	0.0
302670.0057603716	4123972.1057668934	0.0
302670.0098337069	4123971.4735876713	0.0
302670.01115878904	4123970.82518988	0.0
302670.0174282878	4123970.173160162	0.0
302670.0310165523	4123969.5178127666	0.0
302670.0394386757	4123968.856665671	0.0
302670.04950461566	4123968.189928847	0.0
302670.0560307737	4123967.5236453144	0.0
302670.06515229505	4123967.0180971725	0.0
302670.07029834506	4123966.5141717237	0.0
302670.0828778439	4123966.0101586715	0.0
302670.0839022455	4123965.499989951	0.0
302670.09027981036	4123964.990990634	0.0
302670.09396992787	4123964.4809442805	0.0
302670.09559010086	4123963.970946592	0.0
302670.1020416174	4123963.458799924	0.0
302670.10228763684	4123962.9469841816	0.0
302670.1054168188	4123962.431955041	0.0
302670.1069631205	4123961.912522249	0.0
302670.10550450056	4123961.3974159313	0.0
302670.10372760263	4123960.8781013233	0.0
302670.1002955813	4123960.3578203334	0.0
302670.1018549702	4123959.8326511146	0.0
302670.0966287567	4123959.312530727	0.0
302670.10073382675	4123958.784447754	0.0
302670.0975140515	4123958.2636467246	0.0
302670.10352645244	4123957.739112962	0.0
302670.0982715458	4123957.213548839	0.0
302670.1083673341	4123956.686513611	0.0
302670.1173107349	4123956.1608007285	0.0
302670.127597895	4123955.629320133	0.0
302670.1339277592	4123955.1057040915	0.0
302670.1421536068	4123954.5872244895	0.0
302670.1475789681	4123954.062889569	0.0
302670.15492120374	4123953.5434713927	0.0
302670.16403853346	4123953.024597592	0.0
302670.169078558	4123952.3345166924	0.0
302670.17562151665	4123951.813671186	0.0
302670.17834636575	4123951.29402566	0.0
302670.18212793436	4123950.7752804714	0.0
302670.1840135236	4123950.251398845	0.0
302670.18762115913	4123949.7315475307	0.0
302670.18531029834	4123949.211650321	0.0
302670.1820470999	4123948.6889999583	0.0
302670.17540065607	4123948.167169281	0.0
302670.17548589734	4123947.648510994	0.0
302670.16903513845	4123947.1287111137	0.0
302670.1688942393	4123946.613018722	0.0
302670.15975164925	4123946.0982781015	0.0
302670.154614191	4123945.577707203	0.0
302670.14528462186	4123945.061305653	0.0
302670.13294142514	4123944.5488607115	0.0
302670.12417715514	4123944.0376268853	0.0
302670.1169783798	4123943.5300569776	0.0
302670.1086219995	4123943.021104926	0.0
302670.1010545046	4123942.5066264207	0.0
302670.0867717909	4123941.9997781627	0.0
302670.08747884486	4123941.494982972	0.0
302670.0821848556	4123940.9740456846	0.0
302670.0794260893	4123940.460265205	0.0
302670.08696921647	4123939.9567895923	0.0
302670.085354159	4123939.4413169003	0.0
302670.08686577785	4123938.926695882	0.0
302670.0911127446	4123938.4025737164	0.0
302670.088353994	4123937.8887932384	0.0
302670.0915954212	4123937.3812414226	0.0
302670.08862019575	4123936.861836455	0.0
302670.08828366885	4123936.3441132745	0.0
302670.08250698034	4123935.827813242	0.0
302670.0774390959	4123935.3164925226	0.0
302670.0712449368	4123934.8013125234	0.0
302670.0633765566	4123934.2841364862	0.0
302670.0545253751	4123933.7692039884	0.0
302670.04532628134	4123933.2583504645	0.0
302670.0296955841	4123932.738211302	0.0
302670.0186178661	4123932.2292523077	0.0
302670.0057572379	4123931.7136739255	0.0
302669.9913267038	4123931.206829149	0.0
302669.9799489323	4123930.6976921726	0.0
302669.96749270946	4123930.1867301883	0.0
302669.9648426506	4123929.6838642927	0.0
302669.96019226545	4123929.1714235456	0.0
302669.957711838	4123928.663187616	0.0
302669.9546008342	4123928.1595924143	0.0
302669.9564516598	4123927.6531050215	0.0
302669.9536798452	4123927.151352207	0.0
302669.9535694093	4123926.649536826	0.0
302669.95268136845	4123925.9950849223	0.0
302669.94859191653	4123925.4939181944	0.0
302669.9447999309	4123924.659309373	0.0
302669.9449069568	4123924.1541582327	0.0
302669.9330290967	4123923.6489187763	0.0
302669.9418995229	4123922.981655003	0.0
302669.9371969638	4123922.4732862827	0.0
302669.93792153744	4123921.9629396126	0.0
302669.9357151141	4123921.453772068	0.0
302669.93248675717	4123920.945183655	0.0
302669.92808426265	4123920.4369929186	0.0
302669.92209450237	4123919.930504822	0.0
302669.9252542896	4123919.429352712	0.0
302669.9233740199	4123918.921472753	0.0
302669.9215633177	4123918.4165517357	0.0
302669.92421868205	4123917.912820979	0.0
302669.9188933873	4123917.4036680474	0.0
302669.9464327083	4123916.8944150223	0.0
302669.9694268053	4123916.3811393483	0.0
302669.9885288678	4123915.865919775	0.0
302670.00673073315	4123915.356457485	0.0
302670.0240106962	4123914.845536581	0.0
302670.0498367339	4123914.156965124	0.0
302670.06575123686	4123913.6445960323	0.0
302670.0893681692	4123912.956446583	0.0
302670.09264984075	4123912.4415989397	0.0
302670.096936983	4123911.755569246	0.0
302670.0890599811	4123911.244314587	0.0
302670.0805263814	4123910.7240085946	0.0
302670.06882693665	4123910.207477751	0.0
302670.0571014096	4123909.689837304	0.0
302670.04738494416	4123909.175850349	0.0
302670.0355941714	4123908.661727123	0.0
302670.022355286	4123908.1489331946	0.0
302670.00599841424	4123907.63565746	0.0
302669.9963733228	4123907.1129716593	0.0
302669.9802773483	4123906.6045007315	0.0
302669.9674385555	4123906.089847038	0.0
302669.95675236743	4123905.572367196	0.0
302669.9410739062	4123905.056485008	0.0
302669.92855259974	4123904.536457803	0.0
302669.91598346806	4123904.0143963275	0.0
302669.9021053523	4123903.499582033	0.0
302669.8894492021	4123902.9864043365	0.0
302669.87489268254	4123902.474196497	0.0
302669.8577748098	4123901.9600134753	0.0
302669.84176579537	4123901.4552412285	0.0
302669.82293450215	4123900.949980222	0.0
302669.8052164829	4123900.4417324676	0.0
302669.7784662873	4123899.9331419445	0.0
302669.7635618555	4123899.42501308	0.0
302669.7419517579	4123898.9211126566	0.0
302669.7226595087	4123898.4151223446	0.0
302669.70511108625	4123897.9077957845	0.0
302669.6829704371	4123897.4064983404	0.0
302669.6593390659	4123896.7474001325	0.0
302669.63869091024	4123896.0830507823	0.0
302669.6368150557	4123895.5816470026	0.0
302669.63323110377	4123894.9131957646	0.0
302669.6278241329	4123894.412615143	0.0
302669.62460023665	4123893.904211685	0.0
302669.61988910194	4123893.3954731175	0.0
302669.6111293715	4123892.884424259	0.0
302669.6023740228	4123892.367269106	0.0
302669.59132691147	4123891.8533134465	0.0
302669.5804842076	4123891.3354672226	0.0
302669.5709808966	4123890.817959583	0.0
302669.5626290104	4123890.1359893777	0.0
302669.5408773832	4123889.6192631857	0.0
302669.5253771715	4123889.1172545278	0.0
302669.51048142125	4123888.615786768	0.0
302669.49263295904	4123888.1082822317	0.0
302669.47972892376	4123887.603436999	0.0
302669.46164561866	4123887.0985284895	0.0
302669.43476153497	4123886.4269243036	0.0
302669.4136428774	4123885.918756506	0.0
302669.3937809679	4123885.4137047753	0.0
302669.3732494181	4123884.8990469105	0.0
302669.3525298588	4123884.39153124	0.0
302669.33142519725	4123883.887697579	0.0
302669.3071059368	4123883.3755342294	0.0
302669.2860568772	4123882.864034146	0.0
302669.2657687936	4123882.3597325813	0.0
302669.2426888929	4123881.8499455666	0.0
302669.2140774565	4123881.343989317	0.0
302669.19342844945	4123880.8369206972	0.0
302669.16695661243	4123880.321292268	0.0
302669.16164539906	4123879.8121977462	0.0
302669.16253194516	4123879.1451217146	0.0
302669.1633871363	4123878.640323093	0.0
302669.1638813715	4123878.139048644	0.0
302669.16563677625	4123877.628492741	0.0
302669.17523716553	4123877.124413709	0.0
302669.1774144045	4123876.612922709	0.0
302669.1968012883	4123875.763706292	0.0
302669.1985818638	4123875.248600747	0.0
302669.2097618532	4123874.735525999	0.0
302669.2173271435	4123874.220392647	0.0
302669.22763650655	4123873.6961280145	0.0
302669.2401158391	4123873.176068201	0.0
302669.2543269368	4123872.484254163	0.0
302669.26877719426	4123871.796320262	0.0
302669.2757859023	4123871.2763890605	0.0
302669.28567342693	4123870.759350756	0.0
302669.29980958765	4123870.246838476	0.0
302669.30596161215	4123869.7282226672	0.0
302669.3158404133	4123869.2171057253	0.0
302669.3285284702	4123868.705922742	0.0
302669.34437467926	4123868.020731571	0.0
302669.3533924508	4123867.5107450895	0.0
302669.3643497335	4123867.001453158	0.0
302669.3725195081	4123866.4931519404	0.0
302669.3758091145	4123865.975750016	0.0
302669.3894983519	4123865.4722786443	0.0
302669.3922714025	4123864.9672499113	0.0
302669.4000194013	4123864.4535925635	0.0
302669.410550533	4123863.9450507984	0.0
302669.41645902395	4123863.43495238	0.0
302669.42559856	4123862.9301440534	0.0
302669.43100259284	4123862.4237582195	0.0
302669.4444516795	4123861.9197737607	0.0
302669.45916282997	4123861.2555183633	0.0
302669.46447888506	4123860.7550546024	0.0
302669.4793857632	4123860.253072424	0.0
302669.48244155216	4123859.7411907143	0.0
302669.4857364644	4123859.2394803693	0.0
302669.4953587269	4123858.736326022	0.0
302669.4965619682	4123858.2274484425	0.0
302669.50257053267	4123857.7153122816	0.0
302669.51210693194	4123857.0260136323	0.0
302669.51477569516	4123856.5165464934	0.0
302669.5195101296	4123856.0005545295	0.0
302669.5270983026	4123855.3164826944	0.0
302669.5324371685	4123854.8073228584	0.0
302669.53337080916	4123854.299561837	0.0
302669.53660057834	4123853.7887862595	0.0
302669.53695149533	4123853.2814090108	0.0
302669.53451924794	4123852.7752074082	0.0
302669.53553119337	4123852.26448397	0.0
302669.536003888	4123851.755993643	0.0
302669.5351807076	4123851.2427228414	0.0
302669.53110905446	4123850.729713446	0.0
302669.52683737525	4123850.2144883187	0.0
302669.52239070274	4123849.6989176557	0.0
302669.5127581573	4123849.1813926664	0.0
302669.51041730517	4123848.6664922223	0.0
302669.498474536	4123848.15218758	0.0
302669.48566210025	4123847.6260610707	0.0
302669.4829385902	4123847.107468901	0.0
302669.4760664298	4123846.58860419	0.0
302669.4693377813	4123846.0695510693	0.0
302669.4609479029	4123845.5553479386	0.0
302669.45514551963	4123845.037938369	0.0
302669.44715569715	4123844.528166704	0.0
302669.43898762803	4123844.0108127478	0.0
302669.4281015996	4123843.4974084473	0.0
302669.4241768054	4123842.9836627967	0.0
302669.41255691706	4123842.4649023656	0.0
302669.4101117115	4123841.95185474	0.0
302669.40920162376	4123841.434885267	0.0
302669.4056117117	4123840.911715653	0.0
302669.4144969875	4123840.2253648243	0.0
302669.4208666184	4123839.7097045057	0.0
302669.4248488261	4123839.193175133	0.0
302669.4334536883	4123838.678202412	0.0
302669.436192152	4123838.165403	0.0
302669.4512385401	4123837.4713489395	0.0
302669.45839094487	4123836.957520582	0.0
302669.46873531595	4123836.441026681	0.0
302669.47246973246	4123835.913956079	0.0
302669.4807311656	4123835.3843735834	0.0
302669.4870965212	4123834.8622371065	0.0
302669.49277042446	4123834.3421522826	0.0
302669.4933238054	4123833.6459234953	0.0
302669.5054630748	4123833.1263517616	0.0
302669.5084973238	4123832.6072541755	0.0
302669.51274485665	4123832.0894233184	0.0
302669.5158617134	4123831.5738394777	0.0
302669.52268801513	4123831.0587235386	0.0
302669.5240044848	4123830.5483630337	0.0
302669.5250078563	4123830.0372697436	0.0
302669.52649287146	4123829.526671456	0.0
302669.5203871749	4123829.016349187	0.0
302669.5219645476	4123828.510793487	0.0
302669.5276775835	4123827.9986643023	0.0
302669.5265979429	4123827.4870648757	0.0
302669.52837104176	4123826.977248746	0.0
302669.5281350686	4123826.4637791268	0.0
302669.5241374424	4123825.953913625	0.0
302669.5224707355	4123825.4425130375	0.0
302669.52089537086	4123824.9287048336	0.0
302669.51766311924	4123824.4199315556	0.0
302669.5145092037	4123823.901904633	0.0
302669.51048226224	4123823.2145902067	0.0
302669.50777955103	4123822.698667074	0.0
302669.50186092174	4123822.1808111845	0.0
302669.4955629122	4123821.66119285	0.0
302669.48163401615	4123820.968005018	0.0
302669.4774016489	4123820.448153089	0.0
302669.4647023585	4123819.9268348822	0.0
302669.4557386017	4123819.4070941834	0.0
302669.4385558084	4123818.8838459807	0.0
302669.43541930616	4123818.366558797	0.0
302669.4342049367	4123817.849226427	0.0
302669.4371784438	4123817.321248549	0.0
302669.43282432144	4123816.802509702	0.0
302669.4366370276	4123816.2913503814	0.0
302669.4321568316	4123815.767248452	0.0
302669.43129905267	4123815.2524982076	0.0
302669.43364625087	4123814.7419284494	0.0
302669.42642200773	4123814.22066657	0.0
302669.4300955678	4123813.709880596	0.0
302669.4336560556	4123813.200577568	0.0
302669.43484215264	4123812.6909602867	0.0
302669.43556729524	4123812.1806136984	0.0
302669.43951484154	4123811.668896103	0.0
302669.4395354891	4123811.160046366	0.0
302669.4427437627	4123810.6483461517	0.0
302669.4455910728	4123810.1401701085	0.0
302669.4515781471	4123809.633400543	0.0
302669.4480416003	4123809.117973133	0.0
302669.45052799257	4123808.607030035	0.0
302669.44813187735	4123807.9261535504	0.0
302669.44087719155	4123807.4098883686	0.0
302669.436792747	4123806.890032975	0.0
302669.43006854557	4123806.3837472736	0.0
302669.4220006361	4123805.8706468223	0.0
302669.41298903304	4123805.361454317	0.0
302669.4061648039	4123804.8572063646	0.0
302669.39207387745	4123804.352204061	0.0
302669.3820359402	4123803.849696984	0.0
302669.36835376336	4123803.34949601	0.0
302669.35004566296	4123802.6776902936	0.0
302669.33025790413	4123802.1757824933	0.0
302669.32147778885	4123801.5128195593	0.0
302669.31982087047	4123800.850799385	0.0
302669.3233726881	4123800.347417728	0.0
302669.32656460826	4123799.683988313	0.0
302669.3299946642	4123799.181719735	0.0
302669.3311862034	4123798.5150067	0.0
302669.32630258816	4123797.8478813744	0.0
302669.32338028227	4123797.1760840393	0.0
302669.33826051553	4123796.5133039937	0.0
302669.3346336732	4123796.0123125743	0.0
302669.35653277097	4123795.509054712	0.0
302669.378219877	4123794.839454393	0.0
302669.38592910604	4123794.33671515	0.0
302669.3982446635	4123793.677512128	0.0
302669.40633764083	4123793.014892686	0.0
302669.4208395912	4123792.5116236885	0.0
302669.4429168462	4123791.8630043226	0.0
302669.451385012	4123791.193078612	0.0
302669.4555555283	4123790.5209295093	0.0
302669.45046317077	4123789.8638010495	0.0
302669.44667883037	4123789.350414878	0.0
302669.44886958087	4123788.845769975	0.0
302669.4657297019	4123788.1722123446	0.0
302669.4600372793	4123787.508436695	0.0
302669.45193463605	4123787.0001480156	0.0
302669.4453106853	4123786.472950895	0.0
302669.42938932125	4123785.9215475786	0.0
302669.40445706446	4123785.4210559814	0.0
302669.4010383518	4123784.860291982	0.0
302669.3964897964	4123784.1759504387	0.0
302669.450208365	4123783.5543578975	0.0
302669.3707540312	4123782.873531348	0.0
302669.3950453228	4123782.327288893	0.0
302669.40864771116	4123781.7416999955	0.0
302669.40579845634	4123781.2177447905	0.0
302669.42236200057	4123780.6826011324	0.0
302669.4248489769	4123780.1087457784	0.0
302669.4395252132	4123779.5688355495	0.0
302669.430835563	4123779.054454486	0.0
302669.47553991	4123778.4955197778	0.0
302669.4410754028	4123777.973418014	0.0
302669.4158607883	4123777.4294495815	0.0
302669.40164409706	4123776.887628074	0.0
302669.4006911343	4123776.331061946	0.0
302669.35727776494	4123775.6863066005	0.0
302669.35365008446	4123775.1669956027	0.0
302669.34052798396	4123774.634763566	0.0
302669.34750840854	4123774.068765811	0.0
302669.3445463239	4123773.514837422	0.0
302669.3302787113	4123772.7883511074	0.0
302669.3513094354	4123772.1096994807	0.0
302669.3427330627	4123771.568670565	0.0
302669.33868373925	4123771.0251297555	0.0
302669.32772866	4123770.4773104256	0.0
302669.3112680516	4123769.934431459	0.0
302669.30375715677	4123769.3883815217	0.0
302669.2913365128	4123768.847442981	0.0
302669.2819078298	4123768.301623165	0.0
302669.27342905814	4123767.7553841067	0.0
302669.2476255234	4123767.208310753	0.0
302669.2343133936	4123766.6672081323	0.0
302669.2129953356	4123766.1127860877	0.0
302669.19759155915	4123765.558225006	0.0
302669.1757112145	4123765.015359232	0.0
302669.1454533368	4123764.4668126474	0.0
302669.12113466195	4123763.91061078	0.0
302669.0975508846	4123763.3604978267	0.0
302669.06259515317	4123762.811207319	0.0
302669.03947668243	4123762.2620086097	0.0
302669.0227595001	4123761.720801005	0.0
302669.0047202968	4123761.1799945496	0.0
302668.98035367194	4123760.640632097	0.0
302668.9613359474	4123760.108545342	0.0
302668.9411266254	4123759.582407755	0.0
302668.9182297917	4123759.05522313	0.0
302668.89715502004	4123758.5363222957	0.0
302668.87231856695	4123758.021025578	0.0
302668.8594616803	4123757.5156075386	0.0
302668.8156310281	4123757.006695183	0.0
302668.7947953261	4123756.504256942	0.0
302668.7654806768	4123755.842516927	0.0
302668.7328261344	4123755.189737161	0.0
302668.69993239257	4123754.539368486	0.0
302668.6762970947	4123753.8926679213	0.0
302668.6441208154	4123753.253939654	0.0
302668.6117966332	4123752.621506092	0.0
302668.5842778344	4123751.9858139507	0.0
302668.56758304813	4123751.3511626082	0.0
302668.5448174224	4123750.7162839114	0.0
302668.52800521674	4123750.0829305835	0.0
302668.5118670851	4123749.4467858695	0.0
302668.4955854459	4123748.810829565	0.0
302668.48455602163	4123748.1652219403	0.0
302668.4616785458	4123747.5195197575	0.0
302668.44048297044	4123746.863325005	0.0
302668.4186915346	4123746.219541677	0.0
302668.4007967317	4123745.5527222743	0.0
302668.377409384	4123744.897689264	0.0
302668.3530219048	4123744.231577602	0.0
302668.3229636284	4123743.569670044	0.0
302668.3077943808	4123743.0628427714	0.0
302668.2838580726	4123742.5543712387	0.0
302668.24319880875	4123741.712117687	0.0
302668.2142396476	4123741.210240494	0.0
302668.1998966405	4123740.707094522	0.0
302668.1785652043	4123740.2024475113	0.0
302668.16278709844	4123739.7011856367	0.0
302668.13782118727	4123739.0419339123	0.0
302668.1215516438	4123738.3762971116	0.0
302668.09168145584	4123737.727412111	0.0
302668.0649455611	4123737.0746782585	0.0
302668.0404274451	4123736.4344747243	0.0
302668.0194796004	4123735.801403668	0.0
302667.98543014284	4123735.0011829603	0.0
302667.95656764135	4123734.3586760876	0.0
302667.9262875156	4123733.7062105914	0.0
302667.8977176151	4123732.887357468	0.0
302667.8640020299	4123732.2272012196	0.0
302667.82946455176	4123731.5635486087	0.0
302667.7985528041	4123731.0604220727	0.0
302667.77516321064	4123730.5570612256	0.0
302667.7273577115	4123730.0582750645	0.0
302667.69018376956	4123729.5530753084	0.0
302667.64383830107	4123729.047906122	0.0
302667.59702312725	4123728.547928987	0.0
302667.54945562186	4123728.047414432	0.0
302667.4979611635	4123727.5497677308	0.0
302667.44553173624	4123727.050107615	0.0
302667.38687488984	4123726.549853749	0.0
302667.32440851827	4123726.051169728	0.0
302667.2440394191	4123725.395070801	0.0
302667.17725037935	4123724.8950081104	0.0
302667.0827826088	4123724.2370201857	0.0
302666.9845487783	4123723.5824514455	0.0
302666.9054005329	4123723.0852698036	0.0
302666.80352675274	4123722.4331921027	0.0
302666.6952994726	4123721.7751575704	0.0
302666.6006043465	4123721.2837074557	0.0
302666.47955684015	4123720.634115895	0.0
302666.3509120074	4123719.9885886908	0.0
302666.2198101394	4123719.3392334916	0.0
302666.0831853003	4123718.694078923	0.0
302665.97673104925	4123718.044202973	0.0
302665.83043455356	4123717.55834812	0.0
302665.7164525265	4123716.920233525	0.0
302665.55747060664	4123716.4375253147	0.0
302665.40161972423	4123715.8052201415	0.0
302665.23441858613	4123715.16837086	0.0
302665.1061247181	4123714.524371014	0.0
302664.9210893326	4123714.0422057635	0.0
302664.72776509746	4123713.408005995	0.0
302664.5349061494	4123712.7747204737	0.0
302664.37757114426	4123712.299545825	0.0
302664.2155524914	4123711.8265166814	0.0
302664.0530467726	4123711.351648628	0.0
302663.88001707505	4123710.8696265384	0.0
302663.712371073	4123710.3963596197	0.0
302663.4801991554	4123709.764738448	0.0
302663.30087232916	4123709.291746133	0.0
302663.1201712869	4123708.816935768	0.0
302662.9469457732	4123708.3391741253	0.0
302662.7666013192	4123707.8606546605	0.0
302662.5221832235	4123707.217849162	0.0
302662.3372420816	4123706.738882658	0.0
302662.15098324243	4123706.260502243	0.0
302661.9613540801	4123705.783496315	0.0
302661.7756866766	4123705.2988107754	0.0
302661.57900815166	4123704.817714746	0.0
302661.3891658598	4123704.3379382975	0.0
302661.19625330635	4123703.859714317	0.0
302660.99579996883	4123703.3816676163	0.0
302660.79786889546	4123702.903931697	0.0
302660.58119886275	4123702.4408840877	0.0
302660.36697283696	4123701.97481845	0.0
302660.1446537562	4123701.504317172	0.0
302659.93037112546	4123701.0421386315	0.0
302659.710091462	4123700.5891678445	0.0
302659.48894640326	4123700.130851363	0.0
302659.25578129536	4123699.6772583285	0.0
302659.0260995429	4123699.220807869	0.0
302658.79015551275	4123698.768575426	0.0
302658.56203925266	4123698.315788896	0.0
302658.3290262133	4123697.8686685697	0.0
302658.10170571547	4123697.41826881	0.0
302657.87201072957	4123696.9738460314	0.0
302657.63331814454	4123696.524268736	0.0
302657.3944516282	4123696.067294094	0.0
302657.15688972664	4123695.60917857	0.0
302656.9115043161	4123695.15809331	0.0
302656.57738324197	4123694.532014638	0.0
302656.32267411903	4123694.061904833	0.0
302656.0681649992	4123693.594010766	0.0
302655.81887444755	4123693.115261928	0.0
302655.5565157789	4123692.640706076	0.0
302655.2957530161	4123692.177399911	0.0
302655.02879756736	4123691.714979484	0.0
302654.76226388745	4123691.257915195	0.0
302654.39693994273	4123690.651258798	0.0
302654.1269184308	4123690.2031582543	0.0
302653.8472513133	4123689.753804191	0.0
302653.5670666106	4123689.313899146	0.0
302653.29684056423	4123688.875980416	0.0
302653.0154250779	4123688.4403601508	0.0
302652.7354576783	4123688.0097018215	0.0
302652.4563426175	4123687.5775431744	0.0
302652.1668470099	4123687.1443333244	0.0
302651.87692514923	4123686.718164877	0.0
302651.57775343314	4123686.288698214	0.0
302651.2797906749	4123685.854022126	0.0
302650.9730302916	4123685.422698491	0.0
302650.67665910046	4123684.992795942	0.0
302650.37397344504	4123684.564892214	0.0
302650.06858714286	4123684.141677891	0.0
302649.7625790091	4123683.704600489	0.0
302649.45138707093	4123683.2735661245	0.0
302649.14226943185	4123682.848959264	0.0
302648.8312513423	4123682.4253222733	0.0
302648.5178152805	4123682.0058129313	0.0
302648.2038399277	4123681.5885367137	0.0
302647.8873987766	4123681.1733538737	0.0
302647.5670610976	4123680.7560422174	0.0
302647.2444619676	4123680.3495158344	0.0
302646.9189621898	4123679.9391718963	0.0
302646.5964804222	4123679.531347521	0.0
302646.27612519806	4123679.1195874033	0.0
302645.9472811021	4123678.711727593	0.0
302645.61877182464	4123678.305525248	0.0
302645.28904486366	4123677.8978712535	0.0
302644.9581654067	4123677.497830844	0.0
302644.6242374415	4123677.093976361	0.0
302644.2921793735	4123676.700439948	0.0
302643.9552897668	4123676.3090525353	0.0
302643.6213138229	4123675.9157462725	0.0
302643.2831499204	4123675.5330855376	0.0
302642.9474778733	4123675.143149824	0.0
302642.6071047266	4123674.7609111266	0.0
302642.26899290876	4123674.380469636	0.0
302641.9313898548	4123674.0027917395	0.0
302641.589285766	4123673.6287353607	0.0
302641.249595211	4123673.2566576484	0.0
302640.80137690966	4123672.7613069937	0.0
302640.34910976293	4123672.282519764	0.0
302639.8950464976	4123671.8091408303	0.0
302639.4509853416	4123671.34588878	0.0
302639.02356257755	4123670.885576212	0.0
302638.60285858065	4123670.4404636933	0.0
302638.1770491039	4123669.9858493507	0.0
302637.75429678673	4123669.5291277557	0.0
302637.33154442447	4123669.0724061774	0.0
302637.0069175799	4123668.6146786218	0.0
302636.57003594225	4123668.2707854076	0.0
302636.12167782115	4123667.807264469	0.0
302635.6694057302	4123667.347166222	0.0
302635.19948191795	4123666.872495092	0.0
302634.72378718597	4123666.40406586	0.0
302634.2491100221	4123665.934872583	0.0
302633.76775739336	4123665.4712023274	0.0
302633.39609379333	4123665.123561255	0.0
302633.02653496957	4123664.7773509985	0.0
302632.6415335279	4123664.4413107545	0.0
302632.2687782538	4123664.1038723784	0.0
302631.75982796215	4123663.649362759	0.0
302631.37902732054	4123663.322105531	0.0
302630.99627406895	4123662.9873077474	0.0
302630.6092067674	4123662.6577924206	0.0
302630.2192866369	4123662.326493827	0.0
302629.8325758682	4123661.999560656	0.0
302629.44095528784	4123661.6714476896	0.0
302629.05320509913	4123661.3443539557	0.0
302628.6581010882	4123661.012807239	0.0
302628.26424510154	4123660.69658919	0.0
302627.86823644355	4123660.376906089	0.0
302627.4686269802	4123660.048796006	0.0
302627.06615162245	4123659.7246390837	0.0
302626.66686386766	4123659.4102141443	0.0
302626.27169874083	4123659.094952142	0.0
302625.7350415505	4123658.682727434	0.0
302625.3149229771	4123658.3695324827	0.0
302624.7806879635	4123657.959656348	0.0
302624.37208054174	4123657.657848055	0.0
302623.96627809707	4123657.3432063377	0.0
302623.4248412489	4123656.9730973444	0.0
302623.0145159335	4123656.680026203	0.0
302622.6003027597	4123656.391487361	0.0
302622.16484132805	4123656.111589737	0.0
302621.7305583913	4123655.8314793864	0.0
302621.302729039	4123655.548996882	0.0
302620.84009194246	4123655.252159875	0.0
302620.25661063334	4123654.8996929154	0.0
302619.81416486745	4123654.6247705673	0.0
302619.3674050439	4123654.3614219176	0.0
302618.83039907715	4123654.0602274816	0.0
302618.30531310843	4123653.7626385563	0.0
302617.80241465935	4123653.464898025	0.0
302617.33482831094	4123653.2092555873	0.0
302616.90074937686	4123652.900098021	0.0
302616.3941369318	4123652.683482699	0.0
302615.9226365957	4123652.4186805617	0.0
302615.46119933133	4123652.160303129	0.0
302615.009294595	4123651.904662153	0.0
302614.56876626285	4123651.660966078	0.0
302614.0890857048	4123651.4069034453	0.0
302613.53352305153	4123651.0904175933	0.0
302613.04497527564	4123650.8052924145	0.0
302612.51738832	4123650.5146089704	0.0
302612.0338459145	4123650.247314654	0.0
302611.49941388925	4123649.948650635	0.0
302610.9421419562	4123649.6349806776	0.0
302610.4830309652	4123649.393757158	0.0
302610.0110301159	4123649.145435315	0.0
302609.5191596088	4123648.870010338	0.0
302609.03056368825	4123648.6205984815	0.0
302608.5048768666	4123648.335236639	0.0
302607.9828951906	4123648.043866544	0.0
302607.4723203555	4123647.778318347	0.0
302606.94258469157	4123647.4969375613	0.0
302606.41609754285	4123647.215295382	0.0
302605.870958371	4123646.9142929674	0.0
302605.31794782693	4123646.6182866213	0.0
302604.7844850898	4123646.3419895805	0.0
302604.0518560335	4123645.9445514116	0.0
302603.49450525467	4123645.659009262	0.0
302602.96760907955	4123645.372565963	0.0
302602.4574166102	4123645.098127325	0.0
302601.9675677897	4123644.8394935085	0.0
302601.48171548476	4123644.5935332305	0.0
302601.04143858235	4123644.347981545	0.0
302600.600322334	4123644.110776244	0.0
302600.0535823788	4123643.8172132694	0.0
302599.5586496551	4123643.5562936654	0.0
302599.09621114616	4123643.3120033615	0.0
302598.57420272357	4123643.0383979124	0.0
302598.09812630224	4123642.7614919334	0.0
302597.62001897	4123642.511463978	0.0
302597.1385195339	4123642.2367209736	0.0
302596.6837130289	4123642.002428309	0.0
302596.238395583	4123641.7627315107	0.0
302595.7444671724	4123641.4816195574	0.0
302595.23537010874	4123641.203454848	0.0
302594.79902850516	4123640.911135239	0.0
302594.33687671414	4123640.7044473505	0.0
302593.8124369674	4123640.4155413522	0.0
302593.26332639926	4123640.0966845886	0.0
302592.8097068616	4123639.8373843264	0.0
302592.3506295509	4123639.578767544	0.0
302591.8854203867	4123639.3110431754	0.0
302591.3874951473	4123639.0487141046	0.0
302590.8776715251	4123638.7648306065	0.0
302590.34629083314	4123638.4701668797	0.0
302589.8190936384	4123638.164672707	0.0
302589.2893697581	4123637.864974105	0.0
302588.53802623274	4123637.4392966987	0.0
302587.96958049515	4123637.1349577066	0.0
302587.40500077076	4123636.8125793254	0.0
302586.80349092383	4123636.47367607	0.0
302586.2163886656	4123636.1623744895	0.0
302585.61911881453	4123635.827627432	0.0
302585.0302377774	4123635.503600265	0.0
302584.6175139805	4123635.19026609	0.0
302584.01486454555	4123634.9666345385	0.0
302583.22282868624	4123634.53432807	0.0
302582.63726563076	4123634.225581031	0.0
302582.0596999753	4123633.9109098283	0.0
302581.4897664387	4123633.599944934	0.0
302580.90345962043	4123633.2973216916	0.0
302580.3461070806	4123632.98032487	0.0
302579.7885849078	4123632.6686981227	0.0
302579.2593256532	4123632.382496822	0.0
302578.73344968574	4123632.0766021525	0.0
302578.22060278995	4123631.8025973863	0.0
302577.72680361744	4123631.5207432373	0.0
302577.246303146	4123631.2696624305	0.0
302576.80282840703	4123631.020301374	0.0
302576.32745945005	4123630.760958341	0.0
302575.88572418934	4123630.5163673614	0.0
302575.44589368114	4123630.270991463	0.0
302574.89186751394	4123629.938188675	0.0
302574.31330976886	4123629.637974124	0.0
302573.7399401115	4123629.3381927004	0.0
302573.1821869768	4123629.035638565	0.0
302572.7157589104	4123628.7664635633	0.0
302572.227064958	4123628.5129852183	0.0
302571.6884899965	4123628.2207122273	0.0
302571.09320642194	4123627.9012774196	0.0
302570.46618080034	4123627.5720421285	0.0
302569.8063345697	4123627.218598907	0.0
302569.3536355662	4123626.9733409234	0.0
302568.888381522	4123626.728933356	0.0
302568.4032316308	4123626.481478058	0.0
302567.92952346266	4123626.2424503877	0.0
302567.4333535405	4123625.9730499834	0.0
302566.69497171894	4123625.582781531	0.0
302566.2177147439	4123625.324963726	0.0
302565.72018352547	4123625.0543001806	0.0
302565.2423089781	4123624.8016779646	0.0
302564.7501136886	4123624.531444083	0.0
302564.2592448067	4123624.2735764557	0.0
302563.77558619087	4123624.0077677523	0.0
302563.2811468945	4123623.755350202	0.0
302562.7945658204	4123623.491090577	0.0
302562.3013005846	4123623.2256929344	0.0
302561.80809621117	4123622.9628843935	0.0
302561.3231024077	4123622.70950465	0.0
302560.85199867794	4123622.455428165	0.0
302560.3525275321	4123622.1840703995	0.0
302559.86628554296	4123621.934235779	0.0
302559.369193135	4123621.663377228	0.0
302558.88543866016	4123621.424956397	0.0
302558.1526964293	4123621.0354811824	0.0
302557.65218573913	4123620.763962981	0.0
302557.180333847	4123620.522116673	0.0
302556.69523104094	4123620.2704050685	0.0
302556.19658162753	4123620.015126354	0.0
302555.71544918965	4123619.756105006	0.0
302555.2251625344	4123619.510436568	0.0
302554.73626310297	4123619.2608497664	0.0
302554.24872482533	4123619.01252623	0.0
302553.77389385423	4123618.7824074514	0.0
302553.2686949655	4123618.531723817	0.0
302552.80078721215	4123618.2940408047	0.0
302552.3055731618	4123618.046453023	0.0
302551.8299113621	4123617.7998856707	0.0
302551.1072057043	4123617.440890968	0.0
302550.6220895451	4123617.2012073593	0.0
302550.1457363042	4123616.975565448	0.0
302549.6494001112	4123616.7305947146	0.0
302549.17593876144	4123616.5021092924	0.0
302548.6934013518	4123616.265140675	0.0
302548.23251676443	4123616.0430207825	0.0
302547.73989873775	4123615.80517911	0.0
302547.2671679534	4123615.5888889935	0.0
302546.7767373562	4123615.355991901	0.0
302546.3109863403	4123615.134541682	0.0
302545.8282748448	4123614.9027583282	0.0
302545.33567423525	4123614.690821449	0.0
302544.8695056224	4123614.4642001134	0.0
302544.37419112225	4123614.2249417636	0.0
302543.9124060079	4123613.9897057046	0.0
302543.44441937306	4123613.742403151	0.0
302542.7584560345	4123613.366816791	0.0
302542.29417021625	4123613.1259035156	0.0
302541.3987801216	4123612.66476073	0.0
302540.95659916033	4123612.4075994883	0.0
302540.51779741084	4123612.0737412167	0.0
302539.87962759484	4123611.843407074	0.0
302539.2595053698	4123611.5121612162	0.0
302538.6494376992	4123611.1995525854	0.0
302538.04906787234	4123610.8904166035	0.0
302537.4664150836	4123610.5797536876	0.0
302536.89431694464	4123610.283830469	0.0
302536.3308208266	4123610.0013976237	0.0
302535.7774963663	4123609.692265367	0.0
302535.21943174076	4123609.395457037	0.0
302534.687555674	4123609.098772852	0.0
302534.16138964787	4123608.8121313727	0.0
302533.43397239177	4123608.422717951	0.0
302532.9167735773	4123608.139936404	0.0
302532.4148043948	4123607.8693790976	0.0
302531.87241267134	4123607.572202297	0.0
302531.37204812834	4123607.300682121	0.0
302530.8554666622	4123607.012705157	0.0
302530.34705660836	4123606.7262013266	0.0
302529.83290188364	4123606.459631535	0.0
302529.3309411974	4123606.1894442732	0.0
302528.8185562198	4123605.9037741795	0.0
302528.30591914745	4123605.638834101	0.0
302527.80530655145	4123605.375646589	0.0
302527.28560677747	4123605.093479306	0.0
302526.7721344888	4123604.811905702	0.0
302526.0884182979	4123604.4753103955	0.0
302525.55995546165	4123604.1853927965	0.0
302525.05095365853	4123603.905194416	0.0
302524.53713780607	4123603.6404673196	0.0
302524.0243264329	4123603.3681301377	0.0
302523.4970203383	4123603.089657695	0.0
302522.98117762536	4123602.801663802	0.0
302522.47783381597	4123602.5607451857	0.0
302521.95768552227	4123602.2532387963	0.0
302521.4066473819	4123601.9344317554	0.0
302520.89644501137	4123601.653521708	0.0
302520.3687039362	4123601.3880122183	0.0
302519.8437808057	4123601.116515308	0.0
302519.35158715205	4123600.8716338365	0.0
302518.83120863925	4123600.617238445	0.0
302518.33442232455	4123600.3469300712	0.0
302517.6420901876	4123599.9899990736	0.0
302517.1362019091	4123599.741554131	0.0
302516.63360126864	4123599.4882209306	0.0
302516.1142750615	4123599.2408323167	0.0
302515.6039248442	4123598.997673443	0.0
302515.09096544445	4123598.769378878	0.0
302514.5731614989	4123598.5489698355	0.0
302514.05260492826	4123598.349904747	0.0
302513.51918450184	4123598.1511423183	0.0
302512.81682023476	4123597.8960326063	0.0
302512.28345208196	4123597.7120719235	0.0
302511.7461134332	4123597.529129861	0.0
302511.20568274957	4123597.3468156825	0.0
302510.6619382738	4123597.168280222	0.0
302510.1200855634	4123596.9946962707	0.0
302509.5673911808	4123596.819332013	0.0
302508.81856417214	4123596.6015828047	0.0
302508.25695916713	4123596.443636633	0.0
302507.68272089795	4123596.2957946323	0.0
302507.10543410416	4123596.1504298593	0.0
302506.52518580033	4123596.011240995	0.0
302505.94589867	4123595.8814664073	0.0
302505.3631020306	4123595.7534397496	0.0
302504.7695943174	4123595.6354720457	0.0
302504.174029732	4123595.53069035	0.0
302503.3837678408	4123595.406804632	0.0
302502.78597254143	4123595.326685336	0.0
302501.7839617325	4123595.2009351915	0.0
302501.1742724634	4123595.130902757	0.0
302500.565061715	4123595.0749218636	0.0
302499.9525851235	4123595.0310452078	0.0
302499.3402346276	4123594.9862404475	0.0
302498.7227743529	4123594.950622727	0.0
302498.1029744139	4123594.916170315	0.0
302497.48410949076	4123594.883731349	0.0
302496.86403564655	4123594.8565018866	0.0
302496.24401400576	4123594.831491677	0.0
302495.6282152657	4123594.8224803125	0.0
302495.01436481084	4123594.814533373	0.0
302494.4006971719	4123594.8206449333	0.0
302493.7900128431	4123594.827796566	0.0
302493.18661297206	4123594.8490246464	0.0
302492.57698557305	4123594.8696591477	0.0
302491.9761603213	4123594.899708481	0.0
302491.3765397859	4123594.9369459283	0.0
302490.7761930877	4123594.9810468466	0.0
302490.1777729227	4123595.0252875155	0.0
302489.5748039889	4123595.0774067785	0.0
302488.98125910974	4123595.14022149	0.0
302488.3852268014	4123595.2104962217	0.0
302487.78774200595	4123595.2819153867	0.0
302487.18967464415	4123595.3663008437	0.0
302486.5997093072	4123595.461782926	0.0
302486.00311646494	4123595.564822441	0.0
302485.41341665946	4123595.677876807	0.0
302484.8199509954	4123595.806932943	0.0
302484.2339697321	4123595.939698785	0.0
302483.65040211345	4123596.074443276	0.0
302483.06587781047	4123596.212540973	0.0
302482.48639391176	4123596.3573664567	0.0
302481.90377467696	4123596.5135529693	0.0
302481.32480418903	4123596.6739095044	0.0
302480.7416850205	4123596.8402848593	0.0
302480.1618710994	4123597.015094153	0.0
302479.58402724814	4123597.1918925336	0.0
302479.01338078664	4123597.3727774387	0.0
302478.4391031181	4123597.5565233696	0.0
302477.8712530774	4123597.743078681	0.0
302477.2996544313	4123597.9337930363	0.0
302476.73009094916	4123598.1166880196	0.0
302476.16578100895	4123598.309081315	0.0
302475.6027366527	4123598.5049605593	0.0
302474.8584558077	4123598.7633907907	0.0
302474.304248302	4123598.9575819043	0.0
302473.7466879983	4123599.1601785817	0.0
302473.2081279714	4123599.3780563027	0.0
302472.6614181679	4123599.5890944465	0.0
302472.121175352	4123599.817188835	0.0
302471.5801063237	4123600.047893206	0.0
302471.04720463045	4123600.292468193	0.0
302470.517416824	4123600.543631252	0.0
302469.99055597914	4123600.806012687	0.0
302469.46950967296	4123601.0765839703	0.0
302468.9474198667	4123601.3593922374	0.0
302468.4297747931	4123601.6550484947	0.0
302467.9204926017	4123601.954023688	0.0
302467.4069443571	4123602.2603157153	0.0
302466.8919001394	4123602.565902835	0.0
302466.3784086382	4123602.880890303	0.0
302465.87261905184	4123603.2025429136	0.0
302465.03063821036	4123603.741382641	0.0
302464.5265796244	4123604.067435477	0.0
302464.0184375705	4123604.395989908	0.0
302463.51806705963	4123604.734168422	0.0
302463.0152176821	4123605.067594356	0.0
302462.51840469334	4123605.412350529	0.0
302462.0245490464	4123605.763328376	0.0
302461.53502054897	4123606.115869757	0.0
302461.04536153487	4123606.462863151	0.0
302460.566496443	4123606.815893811	0.0
302460.0935981154	4123607.1772957616	0.0
302459.62196974375	4123607.5423685843	0.0
302459.154364198	4123607.9149332596	0.0
302458.69248182	4123608.291804157	0.0
302458.07666174497	4123608.784799657	0.0
302457.62488191365	4123609.16975952	0.0
302457.1711972456	4123609.549213147	0.0
302456.72545809974	4123609.9393969653	0.0
302456.28366344725	4123610.333743823	0.0
302455.842308063	4123610.727895335	0.0
302455.4065192811	4123611.1259866753	0.0
302454.97313546634	4123611.5256867716	0.0
302454.4025835955	4123612.0688723614	0.0
302453.9788500464	4123612.476301983	0.0
302453.55741712503	4123612.887193178	0.0
302453.13507978735	4123613.3036567713	0.0
302452.5809757465	4123613.866809434	0.0
302452.16509233444	4123614.2934832387	0.0
302451.74634740315	4123614.7180039715	0.0
302451.47198104527	4123615.152393368	0.0
302450.9334114371	4123615.5857114587	0.0
302450.53588926047	4123616.0319371843	0.0
302450.15650176944	4123616.4818069637	0.0
302449.77821919485	4123616.947193816	0.0
302449.41281776346	4123617.4067264604	0.0
302449.0519915469	4123617.8783638524	0.0
302448.6837940308	4123618.3448086814	0.0
302448.32636443235	4123618.8224723763	0.0
302447.97267489147	4123619.3018984357	0.0
302447.63287115376	4123619.780442623	0.0
302447.2850613823	4123620.2645412916	0.0
302446.9409482602	4123620.7548442166	0.0
302446.6020276769	4123621.245765106	0.0
302446.14700563543	4123621.9140926185	0.0
302445.8151174765	4123622.4209462097	0.0
302445.5001331297	4123622.9231461706	0.0
302445.1856492077	4123623.440322312	0.0
302444.8767970522	4123623.9579210407	0.0
302444.57376815734	4123624.484079448	0.0
302444.27287038823	4123625.0190694616	0.0
302443.9817660959	4123625.5490180617	0.0
302443.6904269408	4123626.075271477	0.0
302443.393608661	4123626.6201574863	0.0
302443.1285188466	4123627.1365413545	0.0
302442.8623641684	4123627.68311122	0.0
302442.6107256483	4123628.217867218	0.0
302442.3753344306	4123628.757791948	0.0
302442.1470145074	4123629.302731288	0.0
302441.92592680047	4123629.853236559	0.0
302441.71243242593	4123630.418366042	0.0
302441.50411328685	4123630.989664974	0.0
302441.3047093945	4123631.5688957004	0.0
302441.1086325504	4123632.1574849854	0.0
302440.90353183413	4123632.739810378	0.0
302440.70038402744	4123633.3359675426	0.0
302440.48599905014	4123633.9386804136	0.0
302440.28089020576	4123634.545800891	0.0
302440.0705671391	4123635.151378764	0.0
302439.8762302202	4123635.7510293266	0.0
302439.6805976568	4123636.364773153	0.0
302439.4817993839	4123636.9885834516	0.0
302439.28437069233	4123637.5951531446	0.0
302439.0770528562	4123638.202695727	0.0
302438.877258596	4123638.8156123445	0.0
302438.68391807657	4123639.43244788	0.0
302438.4978443409	4123640.0437463475	0.0
302438.3132709918	4123640.655934692	0.0
302438.1509244576	4123641.2696353374	0.0
302438.0014199561	4123641.8821085747	0.0
302437.8623484536	4123642.504143203	0.0
302437.74357287784	4123643.127365502	0.0
302437.62091380963	4123643.7490138756	0.0
302437.5098791928	4123644.3742744327	0.0
302437.4050243432	4123645.004385538	0.0
302437.3203567249	4123645.6373521937	0.0
302437.3203567249	4123646.260025691	0.0
302437.18820789957	4123646.8786550015	0.0
302437.1175952922	4123647.4902473884	0.0
302437.0251296976	4123648.104173819	0.0
302436.95785260084	4123648.715452018	0.0
302436.90115609637	4123649.3237056597	0.0
302436.85624058975	4123649.9359378708	0.0
302436.80998105777	4123650.5350641366	0.0
302436.78075606027	4123651.1476672213	0.0
302436.76194649946	4123651.762800725	0.0
302436.7427889987	4123652.375721981	0.0
302436.74471033004	4123652.9979540748	0.0
302436.7529069119	4123653.616522789	0.0
302436.7697141506	4123654.2363691437	0.0
302436.79872841237	4123654.8531526593	0.0
302436.8350659896	4123655.466803239	0.0
302436.8820537787	4123656.0803882033	0.0
302436.9315334045	4123656.69298934	0.0
302436.9879057009	4123657.296731547	0.0
302437.0550798927	4123658.095432904	0.0
302437.11180000205	4123658.695096127	0.0
302437.1627624362	4123659.3015561677	0.0
302437.21976532345	4123659.9069488645	0.0
302437.2714276232	4123660.499144633	0.0
302437.3284259017	4123661.091769929	0.0
302437.3870112094	4123661.6701100743	0.0
302437.4526105542	4123662.2196045076	0.0
302437.5460812533	4123662.765297368	0.0
302437.65290228656	4123663.287361447	0.0
302437.7693600105	4123663.797726472	0.0
302437.8876133014	4123664.2838094747	0.0
302438.0117634043	4123664.923586029	0.0
302438.2226953383	4123665.547123197	0.0
302438.40038611693	4123666.1637382787	0.0
302438.5926886706	4123666.7726080213	0.0
302438.7348726557	4123667.37836919	0.0
302438.9967063795	4123667.972867296	0.0
302439.198888926	4123668.561520594	0.0
302439.41744461295	4123669.1481232303	0.0
302439.6377136448	4123669.7320950385	0.0
302439.8000754928	4123670.3049603766	0.0
302440.0822999079	4123670.8771839216	0.0
302440.31622361485	4123671.4378898726	0.0
302440.55016482295	4123672.005626799	0.0
302440.7346572968	4123672.5612739325	0.0
302441.0523500382	4123673.121419652	0.0
302441.2464969355	4123673.681530581	0.0
302441.5705779926	4123674.2462718235	0.0
302441.84715449496	4123674.8089345726	0.0
302442.1383211051	4123675.3692185567	0.0
302442.42640876153	4123675.930685228	0.0
302442.73247010517	4123676.501535833	0.0
302443.0425367754	4123677.07913853	0.0
302443.33406000765	4123677.6482959	0.0
302443.6273873756	4123678.1872498915	0.0
302443.8996096045	4123678.703200967	0.0
302444.1523311392	4123679.182603714	0.0
302444.3957761231	4123679.632433931	0.0
