302454.74155487545	4123700.591350054	0.0
302454.988202863	4123701.0575801255	0.0
302455.3472088959	4123701.5588999735	0.0
302455.6532061617	4123702.045375887	0.0
302455.9196894002	4123702.474680281	0.0
302456.1869211693	4123702.9357933193	0.0
302456.477762923	4123703.4257715326	0.0
302456.76976664725	4123703.965127115	0.0
302457.07181643887	4123704.5290411636	0.0
302457.44557163626	4123705.2544698454	0.0
302457.70883438946	4123705.8046788163	0.0
302457.9590023416	4123706.3202240802	0.0
302458.1941576946	4123706.8013358046	0.0
302458.41546613205	4123707.259828885	0.0
302458.6827862194	4123707.8127179435	0.0
302458.9480226507	4123708.3336447543	0.0
302459.20129537594	4123708.8428257485	0.0
302459.46188699495	4123709.348688897	0.0
302459.7112238485	4123709.847785524	0.0
302459.96888414054	4123710.342245412	0.0
302460.219177609	4123710.837988886	0.0
302460.4718325356	4123711.339782995	0.0
302460.730736647	4123711.8430953776	0.0
302461.0010216688	4123712.3585373773	0.0
302461.2736768506	4123712.8803998814	0.0
302461.4988765144	4123713.515104107	0.0
302461.8389962722	4123713.9508543927	0.0
302462.131416687	4123714.482798867	0.0
302462.42677703826	4123715.0265164915	0.0
302462.7320874709	4123715.5781415734	0.0
302462.979761851	4123716.0254672226	0.0
302463.23282437905	4123716.4754416267	0.0
302463.4936278278	4123716.9337455486	0.0
302463.7579189158	4123717.3893768936	0.0
302464.03162099083	4123717.8614400574	0.0
302464.31132874533	4123718.3372476622	0.0
302464.5908842627	4123718.8128738217	0.0
302464.881529312	4123719.300821501	0.0
302465.1727918731	4123719.7898648735	0.0
302465.4669550941	4123720.2827257607	0.0
302465.768385187	4123720.7826320664	0.0
302466.0723287263	4123721.276188001	0.0
302466.3652915762	4123721.768337015	0.0
302466.6365411405	4123722.268213411	0.0
302466.9155227012	4123722.7634669943	0.0
302467.1854195145	4123723.249867586	0.0
302467.4599781212	4123723.733197901	0.0
302467.7260087059	4123724.2124730684	0.0
302467.9965400663	4123724.681835405	0.0
302468.2647797589	4123725.1606885293	0.0
302468.528357286	4123725.6237382437	0.0
302468.78632064245	4123726.0933963484	0.0
302469.0542774866	4123726.566520024	0.0
302469.32318662177	4123727.036105605	0.0
302469.58984304656	4123727.504263913	0.0
302469.8592348661	4123727.975503476	0.0
302470.12846563826	4123728.4399004923	0.0
302470.39376939763	4123728.900874235	0.0
302470.66382208944	4123729.368767613	0.0
302470.93712752033	4123729.830293223	0.0
302471.20619726775	4123730.2941389466	0.0
302471.41346918524	4123730.758462937	0.0
302471.74729393923	4123731.228052067	0.0
302471.95114777994	4123731.696901469	0.0
302472.2871512667	4123732.1721713785	0.0
302472.56083077844	4123732.6496013515	0.0
302472.83757185785	4123733.1314001647	0.0
302473.1098684718	4123733.612933496	0.0
302473.39530708943	4123734.099708676	0.0
302473.6769492448	4123734.5886085983	0.0
302473.96461872105	4123735.0758864083	0.0
302474.2513010318	4123735.565222856	0.0
302474.5423668211	4123736.0522357253	0.0
302474.8298709364	4123736.5387773057	0.0
302475.11494422384	4123737.03518302	0.0
302475.39652526844	4123737.5214939206	0.0
302475.672326979	4123738.019968184	0.0
302475.94436258834	4123738.5155704934	0.0
302476.2157675738	4123739.009522323	0.0
302476.48421547667	4123739.509834978	0.0
302476.76119567105	4123740.0143877394	0.0
302477.03745830676	4123740.5198825737	0.0
302477.3155082589	4123741.025890468	0.0
302477.5960978678	4123741.532948828	0.0
302477.8741870186	4123742.0469123772	0.0
302478.1557592476	4123742.545435958	0.0
302478.4367314097	4123743.04989483	0.0
302478.7156160313	4123743.54737145	0.0
302478.9927786478	4123744.05340027	0.0
302479.2772253193	4123744.5546317887	0.0
302479.62744875246	4123745.1792150736	0.0
302479.91008189885	4123745.678823957	0.0
302480.19634182565	4123746.175386926	0.0
302480.47846161237	4123746.6657560873	0.0
302480.78038547427	4123747.148997948	0.0
302481.08299636934	4123747.6300032157	0.0
302481.4020192216	4123748.098039839	0.0
302481.6504817376	4123748.556436635	0.0
302482.1749686394	4123749.115130316	0.0
302482.63635758683	4123749.6606779317	0.0
302483.0157055453	4123750.0895477254	0.0
302483.3884214484	4123750.5069163	0.0
302483.8732193945	4123751.041366085	0.0
302484.1685609471	4123751.4754673494	0.0
302484.56079410465	4123751.80011951	0.0
302484.95661108266	4123752.262463513	0.0
302485.4142126192	4123752.8545445	0.0
302485.8793461141	4123753.4460782073	0.0
302486.23253678647	4123753.926448599	0.0
302486.57486421056	4123754.4041140354	0.0
302486.8882507179	4123754.884125784	0.0
302487.2033593559	4123755.3681678213	0.0
302487.5860536583	4123755.9769994053	0.0
302487.82035204436	4123756.4683124893	0.0
302488.17971980176	4123756.9635220235	0.0
302488.4555853711	4123757.45847944	0.0
302488.7315728398	4123757.964906249	0.0
302489.00709041464	4123758.4576514317	0.0
302489.2734795161	4123758.9208205636	0.0
302489.57216774777	4123759.4552088496	0.0
302489.8543170502	4123759.9468728337	0.0
302490.1127388149	4123760.3858046588	0.0
302490.3943618996	4123760.8802565834	0.0
302490.6480869006	4123761.3144879905	0.0
302490.9069521569	4123761.753409403	0.0
302491.1592990675	4123762.223385258	0.0
302491.3146434547	4123762.73302087	0.0
302491.39644169575	4123763.2292140024	0.0
302491.469203236	4123763.724879615	0.0
302491.5533547554	4123764.2645009123	0.0
302491.64700846473	4123764.818146429	0.0
302491.73638301186	4123765.3722627037	0.0
302491.83285469445	4123765.926211987	0.0
302491.92751256004	4123766.453373682	0.0
302492.03075909516	4123766.974597167	0.0
302492.1481345433	4123767.4864214286	0.0
302492.2733853926	4123767.9871432446	0.0
302492.4106517271	4123768.482956437	0.0
302492.5551849803	4123768.9921062975	0.0
302492.7144516236	4123769.492397823	0.0
302492.8841247242	4123769.988558733	0.0
302493.0675879441	4123770.5049342057	0.0
302493.2807049663	4123771.005253934	0.0
302493.50123684236	4123771.5251980885	0.0
302493.7398811382	4123772.041570461	0.0
302493.99187605124	4123772.5594790718	0.0
302494.244544953	4123773.074596285	0.0
302494.5056592553	4123773.602837408	0.0
302494.77601889847	4123774.1279004216	0.0
302495.0252343449	4123774.6094222995	0.0
302495.29247108765	4123775.1023624856	0.0
302495.6101588046	4123775.689779398	0.0
302495.85679915285	4123776.1310239653	0.0
302496.12416599307	4123776.6043472616	0.0
302496.4077624366	4123777.088390878	0.0
302496.7306243946	4123777.631647435	0.0
302497.05121598486	4123778.1538632805	0.0
302497.33585576824	4123778.619378742	0.0
302497.626092589	4123779.1027110424	0.0
302497.912663501	4123779.5937160966	0.0
302498.1670406492	4123780.080852728	0.0
302498.40546663234	4123780.5691048196	0.0
302498.6281806857	4123781.062352508	0.0
302498.84164508345	4123781.56488461	0.0
302499.05070865015	4123782.07529179	0.0
302499.2517228216	4123782.595695288	0.0
302499.43977787026	4123783.1249153707	0.0
302499.5711324082	4123783.6627497096	0.0
302499.77742814965	4123784.2149764807	0.0
302499.91754741134	4123784.769194117	0.0
302500.0530310484	4123785.333882859	0.0
302500.17928244994	4123785.908595748	0.0
302500.30075037706	4123786.49378322	0.0
302500.3877484781	4123787.093171786	0.0
302500.49977315194	4123787.696647552	0.0
302500.5715094646	4123788.318532112	0.0
302500.5891912038	4123788.950570239	0.0
302500.5752382411	4123789.753401063	0.0
302500.5505312759	4123790.2626472344	0.0
302500.4974031383	4123790.928362697	0.0
302500.4210679239	4123791.425130919	0.0
302500.32361531875	4123791.9235062203	0.0
302500.1591420119	4123792.560015234	0.0
302499.94685369765	4123793.1386226853	0.0
302499.6930389353	4123793.6813849774	0.0
302499.4982777836	4123794.190430159	0.0
302499.1800940891	4123794.6730361995	0.0
302498.92314712546	4123795.1266847067	0.0
302498.65316226694	4123795.5480735986	0.0
302498.2835533132	4123796.029722908	0.0
302497.87877550157	4123796.4565037866	0.0
302497.40877016203	4123796.808399416	0.0
302496.8106817948	4123797.155352178	0.0
302496.33763531595	4123797.4031439745	0.0
302495.8876414376	4123797.649838282	0.0
302495.40512801753	4123797.9102503164	0.0
302494.9167570183	4123798.1794969146	0.0
302494.4461720857	4123798.4313017046	0.0
302493.9789053832	4123798.692095229	0.0
302493.5261459701	4123798.9469963424	0.0
302493.05068212363	4123799.217789722	0.0
302492.60858575057	4123799.4668889027	0.0
302492.1567354039	4123799.7289851224	0.0
302491.6498002312	4123800.020317983	0.0
302491.1624471487	4123800.295091952	0.0
302490.6400654315	4123800.590118985	0.0
302490.1655889875	4123800.865145142	0.0
302489.7267587746	4123801.121013979	0.0
302489.27614376665	4123801.3915929706	0.0
302488.8160572635	4123801.6620247792	0.0
302488.2940542896	4123801.9731412195	0.0
302487.8391860569	4123802.226426956	0.0
302487.3684538814	4123802.4908181094	0.0
302486.9054056319	4123802.7359697423	0.0
302486.39000363403	4123803.013254372	0.0
302485.8491878533	4123803.2981684115	0.0
302485.23184384836	4123803.6189299193	0.0
302484.7728530232	4123803.8604705143	0.0
302484.29951163393	4123804.1145612122	0.0
302483.79256798147	4123804.3866510014	0.0
302483.2600454865	4123804.678216418	0.0
302482.81792336295	4123804.9136240687	0.0
302482.3695002075	4123805.164167958	0.0
302481.9061045061	4123805.419690096	0.0
302481.43289403606	4123805.6919114506	0.0
302480.9456807516	4123805.9663126958	0.0
302480.32615013386	4123806.313586241	0.0
302479.82899592374	4123806.5993236587	0.0
302479.3217004733	4123806.8815990156	0.0
302478.82141968794	4123807.172776121	0.0
302478.18633416103	4123807.5379943177	0.0
302477.67337706895	4123807.8374263532	0.0
302477.0282898308	4123808.2176829046	0.0
302476.5094883974	4123808.532795596	0.0
302475.98352471925	4123808.8515925524	0.0
302475.4625619843	4123809.16287041	0.0
302474.92588765745	4123809.4917264027	0.0
302474.39384914126	4123809.8226937805	0.0
302473.85819258925	4123810.15707699	0.0
302473.4523265958	4123810.497496419	0.0
302472.9124649668	4123810.74979888	0.0
302472.3721514296	4123811.106311107	0.0
302471.8534292121	4123811.456209084	0.0
302471.39037501195	4123811.8079427257	0.0
302470.980353193	4123812.143810552	0.0
302470.51728687756	4123812.5453193174	0.0
302470.0811260023	4123812.939718689	0.0
302469.6682048331	4123813.3409726555	0.0
302469.2670521595	4123813.7896890906	0.0
302468.8915702854	4123814.254269688	0.0
302468.53591502924	4123814.762977499	0.0
302468.2591007146	4123815.195815452	0.0
302467.9917798082	4123815.636016502	0.0
302467.7351007862	4123816.10723828	0.0
302467.4849581587	4123816.5921839764	0.0
302467.25604203076	4123817.0990195684	0.0
302467.0394288034	4123817.6257346147	0.0
302466.85371767264	4123818.158013692	0.0
302466.6872499767	4123818.7096388214	0.0
302466.5187845265	4123819.408969996	0.0
302466.40814616904	4123819.988146989	0.0
302466.33580694284	4123820.5666077323	0.0
302466.28792080027	4123821.1594809764	0.0
302466.26149122574	4123821.7525894325	0.0
302466.26294554817	4123822.342451193	0.0
302466.27998569986	4123822.934536685	0.0
302466.31851710903	4123823.5220456254	0.0
302466.3839061097	4123824.1067020954	0.0
302466.48513286735	4123824.6929206746	0.0
302466.6109645482	4123825.274859505	0.0
302466.739235671	4123825.8473040727	0.0
302466.8800961981	4123826.4140863237	0.0
302467.02716231253	4123826.9805375054	0.0
302467.19354087044	4123827.5378375025	0.0
302467.37210866384	4123828.085043728	0.0
302467.57705998275	4123828.628113389	0.0
302467.7976009991	4123829.1484267847	0.0
302468.0307575121	4123829.6641874705	0.0
302468.2707586766	4123830.169054978	0.0
302468.5114511108	4123830.665579586	0.0
302468.7628543193	4123831.1583364573	0.0
302469.01607094175	4123831.652715987	0.0
302469.2704395896	4123832.1268994487	0.0
302469.52355148515	4123832.604258108	0.0
302469.78300375876	4123833.080727421	0.0
302470.0426952492	4123833.561076879	0.0
302470.3098231405	4123834.0493929456	0.0
302470.58232592954	4123834.5335117346	0.0
302470.8532893151	4123835.0213674842	0.0
302471.134115607	4123835.5134320166	0.0
302471.40654019226	4123836.0068044867	0.0
302471.68537466635	4123836.495955325	0.0
302471.95808609104	4123836.9826597497	0.0
302472.23759461485	4123837.4753104313	0.0
302472.5838491115	4123838.088514451	0.0
302472.86641477776	4123838.5853490457	0.0
302473.15395518113	4123839.073554907	0.0
302473.42638378986	4123839.560821135	0.0
302473.7121236419	4123840.04166793	0.0
302473.97399360564	4123840.5328833666	0.0
302474.24277327966	4123841.0033971737	0.0
302474.5108224535	4123841.480589487	0.0
302474.78460316145	4123841.9561666423	0.0
302475.0603755987	4123842.4346575174	0.0
302475.336548054	4123842.911288622	0.0
302475.6867374468	4123843.509412205	0.0
302475.96251413727	4123843.9880880387	0.0
302476.24069555197	4123844.462081386	0.0
302476.52310404065	4123844.9459672333	0.0
302476.8000505378	4123845.430351691	0.0
302477.082954649	4123845.91015509	0.0
302477.36798952974	4123846.3862076304	0.0
302477.6733552299	4123846.902674798	0.0
302477.98047340557	4123847.418175555	0.0
302478.2646603256	4123847.9022046383	0.0
302478.53407396504	4123848.343097819	0.0
302478.8245097217	4123848.8160627265	0.0
302479.13294095406	4123849.324501238	0.0
302479.46228124696	4123849.866494429	0.0
302479.74631538667	4123850.3251771647	0.0
302480.05518064636	4123850.789196761	0.0
302480.39693075523	4123851.2550330497	0.0
302480.672156767	4123851.7105708546	0.0
302481.07460544107	4123852.0334475962	0.0
302481.40940365253	4123852.4413618487	0.0
302481.89031075686	4123852.7366350126	0.0
302482.37467931694	4123853.1273212754	0.0
302482.879951432	4123853.4821737357	0.0
302483.4070967224	4123853.792102796	0.0
302483.9332886478	4123854.042657648	0.0
302484.4726388797	4123854.2425730117	0.0
302485.000290384	4123854.397984889	0.0
302485.51800447714	4123854.5145879593	0.0
302486.0207541786	4123854.598791749	0.0
302486.62128833623	4123854.6640413613	0.0
302487.2278660694	4123854.659205062	0.0
302487.7300614065	4123854.6129713603	0.0
302488.2398702825	4123854.5005005584	0.0
302488.7475302756	4123854.3470022804	0.0
302489.2437007722	4123854.176751042	0.0
302489.7307217444	4123854.013746505	0.0
302490.19263319403	4123853.79532051	0.0
302490.7506934575	4123853.6089415173	0.0
302491.2675887772	4123853.36381813	0.0
302491.89001310803	4123853.064216459	0.0
302492.41327905207	4123852.8006246453	0.0
302492.97144302574	4123852.5175230494	0.0
302493.517787378	4123852.2413609135	0.0
302494.0538819558	4123851.969695829	0.0
302494.5648585116	4123851.699361943	0.0
302495.09384284227	4123851.4147266494	0.0
302495.5223469328	4123851.1431841706	0.0
302496.05351425946	4123850.8866266874	0.0
302496.51647719694	4123850.631670466	0.0
302497.0001181075	4123850.369011313	0.0
302497.4518745296	4123850.115614084	0.0
302497.89710375364	4123849.8740277505	0.0
302498.41774737916	4123849.5807071864	0.0
302498.91708268283	4123849.3060215865	0.0
302499.4655056611	4123848.998724852	0.0
302500.0321452961	4123848.686003554	0.0
302500.45323502424	4123848.369579584	0.0
302501.00054044544	4123848.1325339954	0.0
302501.5271984993	4123847.837036726	0.0
302502.05039054767	4123847.532554263	0.0
302502.5617022254	4123847.2450046353	0.0
302503.0513443268	4123846.954449206	0.0
302503.6693069642	4123846.597222109	0.0
302504.14585089637	4123846.309565438	0.0
302504.6173113687	4123846.032205402	0.0
302505.0602141303	4123845.7671746006	0.0
302505.5001814752	4123845.4968468356	0.0
302505.97492080036	4123845.207937483	0.0
302506.41543611424	4123844.9357465147	0.0
302506.8750029224	4123844.6495996714	0.0
302507.3995779373	4123844.322140524	0.0
302507.871995046	4123844.022553817	0.0
302508.3849460931	4123843.697773699	0.0
302508.8125458104	4123843.417375073	0.0
302509.2681422698	4123843.1196644967	0.0
302509.744620987	4123842.8040692196	0.0
302510.2290837917	4123842.4757036534	0.0
302510.6092787256	4123842.1289896	0.0
302511.11861150886	4123841.864879305	0.0
302511.6245265646	4123841.536564216	0.0
302512.1141821106	4123841.227690446	0.0
302512.59439699014	4123840.9451289447	0.0
302513.07041545305	4123840.6665519653	0.0
302513.54273762763	4123840.394353214	0.0
302514.0179299307	4123840.118386239	0.0
302514.4870688751	4123839.8429317833	0.0
302514.96780610323	4123839.5888537313	0.0
302515.45270507643	4123839.335602977	0.0
302515.94339679263	4123839.102199888	0.0
302516.5697370838	4123838.8243423286	0.0
302517.0861779833	4123838.6290061004	0.0
302517.59411265457	4123838.417956907	0.0
302518.1365068418	4123838.2379232706	0.0
302518.6611058391	4123838.030922958	0.0
302519.2115799326	4123837.8484788653	0.0
302519.75965782674	4123837.6585046942	0.0
302520.32595268893	4123837.488270937	0.0
302520.883185292	4123837.3541474654	0.0
302521.4398486044	4123837.2524187807	0.0
302522.0010694249	4123837.1557639283	0.0
302522.6951954302	4123837.067824678	0.0
302523.2345298904	4123837.0281208865	0.0
302523.91288389685	4123837.0055005373	0.0
302524.46722183726	4123837.0061518378	0.0
302525.02556093223	4123837.038535292	0.0
302525.5944024857	4123837.102312906	0.0
302526.1811045436	4123837.20212253	0.0
302526.75763111265	4123837.3473204365	0.0
302527.3604588065	4123837.510033187	0.0
302527.95310664363	4123837.7179492866	0.0
302528.54210624483	4123837.959442825	0.0
302528.98917704035	4123838.1859567505	0.0
302529.4268764688	4123838.511102532	0.0
302529.9866627435	4123838.793464241	0.0
302530.39683560806	4123839.1054078625	0.0
302530.7925796737	4123839.4391551544	0.0
302531.1706854871	4123839.7840495124	0.0
302531.5274264633	4123840.164048285	0.0
302531.9832671542	4123840.6941856407	0.0
302532.2954690411	4123841.111499345	0.0
302532.5837487126	4123841.5306710843	0.0
302532.8440489995	4123841.967894463	0.0
302533.10061371134	4123842.4035403975	0.0
302533.41094280826	4123842.980214442	0.0
302533.6187149994	4123843.695817967	0.0
302533.9619128371	4123844.1205841037	0.0
302534.1676888298	4123844.679843637	0.0
302534.5161004992	4123845.2342328723	0.0
302534.8188535835	4123845.77185749	0.0
302535.05172606197	4123846.3035126426	0.0
302535.3613977825	4123846.704999756	0.0
302535.6774272013	4123847.2284343545	0.0
302535.99223893	4123847.7504173173	0.0
302536.3813494909	4123848.4122051955	0.0
302536.694991344	4123848.9347708104	0.0
302536.9956871221	4123849.460416531	0.0
302537.3019231305	4123849.9888925096	0.0
302537.6005967113	4123850.516621218	0.0
302537.8984874761	4123851.042517988	0.0
302538.1949430935	4123851.564007657	0.0
302538.4897461014	4123852.0781347593	0.0
302538.77950029314	4123852.597746695	0.0
302539.0694588624	4123853.1197592993	0.0
302539.34873711236	4123853.6531253383	0.0
302539.6316854953	4123854.172712363	0.0
302539.9182043115	4123854.712014285	0.0
302540.20602757146	4123855.237592843	0.0
302540.50791012694	4123855.763395785	0.0
302540.8067877962	4123856.2998164915	0.0
302541.11859394156	4123856.819834917	0.0
302541.424346676	4123857.3403658266	0.0
302541.78817718313	4123857.97147747	0.0
302542.05887874577	4123858.423259303	0.0
302542.30386189633	4123858.9522166154	0.0
302542.6253745266	4123859.4124596184	0.0
302542.8845432762	4123859.864512771	0.0
302543.1523050183	4123860.3171039345	0.0
302543.4003060764	4123860.837567641	0.0
302543.7201443061	4123861.3068278157	0.0
302544.03870812134	4123861.843710702	0.0
302544.3161804652	4123862.3066205326	0.0
302544.5333573137	4123862.792271477	0.0
302544.90966797393	4123863.286119247	0.0
302545.20900564676	4123863.772939536	0.0
302545.5244770381	4123864.272702921	0.0
302545.8396526817	4123864.772473273	0.0
302546.0810213019	4123865.2742854618	0.0
302546.4088168476	4123865.661321364	0.0
302546.744514056	4123866.1844786834	0.0
302547.0755669117	4123866.717737225	0.0
302547.4136776315	4123867.249164425	0.0
302547.7502750653	4123867.7917294106	0.0
302548.0349353292	4123868.245773554	0.0
302548.3609390388	4123868.7593520274	0.0
302548.73086932127	4123869.335364656	0.0
302549.0605084263	4123869.846267129	0.0
302549.3768665686	4123870.352301008	0.0
302549.68969344127	4123870.8465756434	0.0
302549.99633194995	4123871.32304734	0.0
302550.2960038289	4123871.798942776	0.0
302550.58457353315	4123872.280835507	0.0
302550.8861108079	4123872.7416991433	0.0
302551.19340161636	4123873.233328507	0.0
302551.51315588644	4123873.7453887616	0.0
302551.8422119977	4123874.2629663465	0.0
302552.1700159379	4123874.8153602155	0.0
302552.425156603	4123875.3916279646	0.0
302552.7529608811	4123875.837295653	0.0
302553.0073625237	4123876.294272142	0.0
302553.2632079419	4123876.7560256193	0.0
302553.51836185635	4123877.2135395333	0.0
302553.773198438	4123877.6890094397	0.0
302554.02309052006	4123878.161820116	0.0
302554.2779661488	4123878.632663208	0.0
302554.5274190634	4123879.1182517293	0.0
302554.7932491166	4123879.6082659643	0.0
302555.0525604681	4123880.0978784356	0.0
302555.3241090112	4123880.5920140045	0.0
302555.59066530236	4123881.0940385354	0.0
302555.8456758673	4123881.6020707833	0.0
302556.0757685475	4123882.119940983	0.0
302556.290706182	4123882.653895758	0.0
302556.50910091365	4123883.1775922235	0.0
302556.7245255683	4123883.713385913	0.0
302556.94816912594	4123884.240104536	0.0
302557.1819450525	4123884.7636242486	0.0
302557.42233527894	4123885.2853230513	0.0
302557.7581454541	4123885.976861084	0.0
302558.0139211856	4123886.492276836	0.0
302558.36293371953	4123887.166481	0.0
302558.6340166498	4123887.6722848923	0.0
302559.0862287803	4123888.513739846	0.0
302559.3537674127	4123889.01352093	0.0
302559.6233803825	4123889.5197294964	0.0
302559.89905537304	4123890.0257954784	0.0
302560.17525215185	4123890.5288886153	0.0
302560.3623346813	4123891.0379106845	0.0
302560.7371084683	4123891.553726024	0.0
302561.02341153065	4123892.0650931285	0.0
302561.30706622405	4123892.577077646	0.0
302561.5995400229	4123893.0929255243	0.0
302561.89565795904	4123893.606467261	0.0
302562.1919498155	4123894.1211151313	0.0
302562.4846017256	4123894.6256716354	0.0
302562.77980619477	4123895.119250964	0.0
302563.0818294883	4123895.6322837556	0.0
302563.37147200236	4123896.1346906363	0.0
302563.66715038754	4123896.629554098	0.0
302563.8670437321	4123897.1258344417	0.0
302564.2670086854	4123897.615935462	0.0
302564.56975789915	4123898.1095224144	0.0
302564.7787572744	4123898.6025447524	0.0
302565.18068335345	4123899.0947183333	0.0
302565.4856197959	4123899.5806673793	0.0
302565.8041066404	4123900.064077273	0.0
302566.10710785305	4123900.5495167472	0.0
302566.4066910598	4123901.0468789507	0.0
302566.71055327717	4123901.5374792083	0.0
302567.0112104645	4123902.0238990257	0.0
302567.3056490207	4123902.510095054	0.0
302567.6101764632	4123902.997534075	0.0
302567.9034147586	4123903.489309437	0.0
302568.18756433367	4123903.9846292404	0.0
302568.47361431865	4123904.4915616377	0.0
302568.7688224772	4123904.9853260904	0.0
302569.06677467446	4123905.488832931	0.0
302569.355720797	4123905.999397957	0.0
302569.6306946454	4123906.51343725	0.0
302569.9066208397	4123907.0302296947	0.0
302570.0895801197	4123907.550141681	0.0
302570.4601082285	4123908.064146222	0.0
302570.73845219635	4123908.583102256	0.0
302571.0183094362	4123909.0972117605	0.0
302571.3001844126	4123909.6090533775	0.0
302571.5716661175	4123910.1318715666	0.0
302571.84371311055	4123910.653566248	0.0
302572.12131333567	4123911.1786460076	0.0
302572.3966914001	4123911.7098842408	0.0
302572.7773341564	4123912.4018485467	0.0
302573.0614920716	4123912.9289945243	0.0
302573.3455237682	4123913.4444861966	0.0
302573.63487380475	4123913.953376513	0.0
302573.82993508235	4123914.4578319034	0.0
302574.2041893932	4123914.9747085557	0.0
302574.4881860848	4123915.476138325	0.0
302574.7737874724	4123915.9891876434	0.0
302575.0556402671	4123916.500104704	0.0
302575.32598648383	4123917.0124026323	0.0
302575.50943676464	4123917.528933182	0.0
302575.86326950835	4123918.042999858	0.0
302576.0420362173	4123918.5590208303	0.0
302576.380770443	4123919.0879401155	0.0
302576.63106924435	4123919.609591342	0.0
302576.8794676922	4123920.138503686	0.0
302577.128792348	4123920.662768342	0.0
302577.3845834584	4123921.191506818	0.0
302577.6402005847	4123921.719139177	0.0
302577.8948218492	4123922.2484602886	0.0
302578.1570662626	4123922.774826565	0.0
302578.4120049236	4123923.305065405	0.0
302578.67090078956	4123923.827439657	0.0
302579.0196538344	4123924.5158984093	0.0
302579.26878254884	4123925.038132327	0.0
302579.51380607643	4123925.555651862	0.0
302579.76498725865	4123926.0708061405	0.0
302580.0106760572	4123926.585164423	0.0
302580.2566735523	4123927.0937793283	0.0
302580.5018926363	4123927.607038453	0.0
302580.7447590035	4123928.1083255634	0.0
302580.97325732117	4123928.5962579334	0.0
302581.19853309775	4123929.054105192	0.0
302581.48028544895	4123929.6299725138	0.0
302581.74309044256	4123930.161321673	0.0
302581.9832952656	4123930.6563801784	0.0
302582.2522232847	4123931.221632009	0.0
302582.4948198159	4123931.71774449	0.0
302582.72403537284	4123932.1858611503	0.0
302582.93938731577	4123932.7063716413	0.0
302583.20549300266	4123933.2142560673	0.0
302583.41688779264	4123933.6983349244	0.0
302583.62355999375	4123934.1954774004	0.0
302583.9261514961	4123934.915182931	0.0
302584.07843040826	4123935.462256329	0.0
302584.3203187967	4123936.0250114924	0.0
302584.52970487706	4123936.606096612	0.0
302584.7481317773	4123937.1878942824	0.0
302584.9353130312	4123937.6551492563	0.0
302585.1261645541	4123938.1274989243	0.0
302585.3200514307	4123938.6031078603	0.0
302585.52207464026	4123939.0850017043	0.0
302585.67417477246	4123939.572726504	0.0
302585.94271121506	4123940.074859397	0.0
302586.1592720498	4123940.5899028964	0.0
302586.32516614115	4123941.1075952225	0.0
302586.6104667546	4123941.646210062	0.0
302586.839477848	4123942.193712169	0.0
302587.06939349684	4123942.7545156158	0.0
302587.2973565995	4123943.320360969	0.0
302587.517244251	4123943.8888017274	0.0
302587.7351706	4123944.4493320608	0.0
302587.9357412902	4123944.970117724	0.0
302588.1179909151	4123945.4478507717	0.0
302588.3337471383	4123945.9915938573	0.0
302588.54075818084	4123946.528326213	0.0
302588.7710868524	4123947.1129896576	0.0
302588.9919395667	4123947.6469910056	0.0
302589.2239467662	4123948.2338354182	0.0
302589.46248554974	4123948.809053969	0.0
302589.7136009772	4123949.4724240624	0.0
302589.8813347073	4123949.9619707856	0.0
302590.0751039707	4123950.5017901505	0.0
302590.2376018589	4123950.9825782822	0.0
302590.4118063057	4123951.47049254	0.0
302590.59300344496	4123951.978966398	0.0
302590.7639289472	4123952.4595563286	0.0
302590.9330323152	4123952.931862486	0.0
302591.11593842704	4123953.443811848	0.0
302591.2951959389	4123953.9390087263	0.0
302591.50414186675	4123954.4951244364	0.0
302591.6766980991	4123954.9947347636	0.0
302591.862435292	4123955.551581361	0.0
302592.0553260136	4123956.116956422	0.0
302592.2086394591	4123956.616094143	0.0
302592.3924679174	4123957.2616180046	0.0
302592.553726553	4123957.8218158656	0.0
302592.7217647994	4123958.4060940286	0.0
302592.9415656129	4123959.165864415	0.0
302593.09942344425	4123959.7009773375	0.0
302593.2529673241	4123960.2162078074	0.0
302593.3925954432	4123960.705860484	0.0
302593.5774455682	4123961.325640297	0.0
302593.70993297594	4123961.9036459043	0.0
302593.94793676806	4123962.4604508146	0.0
302594.14553676976	4123963.018498742	0.0
302594.36708489	4123963.6261282684	0.0
302594.5478858164	4123964.124064443	0.0
302594.73944102036	4123964.6515385285	0.0
302594.9316354609	4123965.1810329845	0.0
302595.1276000802	4123965.6947106924	0.0
302595.3082530738	4123966.1926503605	0.0
302595.4858488642	4123966.667532397	0.0
302595.70881450793	4123967.2851205696	0.0
302595.9250526746	4123967.8745564213	0.0
302596.13249789027	4123968.4675297257	0.0
302596.3452310128	4123969.05889838	0.0
302596.56406099483	4123969.676768871	0.0
302596.73515550245	4123970.1645713304	0.0
302596.91381666757	4123970.665888519	0.0
302597.09712220903	4123971.1822694545	0.0
302597.28878151195	4123971.714182008	0.0
302597.4828586399	4123972.248258136	0.0
302597.6075222648	4123972.8012462114	0.0
302597.8686125482	4123973.3590251883	0.0
302598.05238783336	4123973.926835168	0.0
302598.21995141474	4123974.4972468563	0.0
302598.32338066044	4123975.0637249756	0.0
302598.51838036405	4123975.618764369	0.0
302598.65992599784	4123976.177390534	0.0
302598.79484861204	4123976.724885251	0.0
302598.92254377017	4123977.266998858	0.0
302599.0456641364	4123977.8032988994	0.0
302599.16598832636	4123978.3402198106	0.0
302599.2737058275	4123978.875771885	0.0
302599.3723346748	4123979.408577127	0.0
302599.4654711925	4123979.94058636	0.0
302599.5493581869	4123980.4755886686	0.0
302599.6295444899	4123981.010492976	0.0
302599.65694149	4123981.5438024215	0.0
302599.7700960138	4123982.0741064413	0.0
302599.8249776433	4123982.608680688	0.0
302599.87148384546	4123983.151963577	0.0
302599.9082752032	4123983.6910340716	0.0
302599.9301247322	4123984.242668363	0.0
302599.9612324935	4123984.797970678	0.0
302599.9930670556	4123985.509981601	0.0
302600.0262099662	4123986.063755767	0.0
302600.0539125684	4123986.568623274	0.0
302600.0841070644	4123987.1102543864	0.0
302600.11968518957	4123987.6606406285	0.0
302600.1609644638	4123988.239573407	0.0
302600.1960423224	4123988.743527316	0.0
302600.2250583609	4123989.2916624174	0.0
302600.2576969315	4123989.8743140986	0.0
302600.26595722703	4123990.4834441883	0.0
302600.25040026626	4123991.1303267027	0.0
302600.2324249778	4123991.642929779	0.0
302600.2099054167	4123992.1635962846	0.0
302600.19989255245	4123992.700251847	0.0
302600.1756858924	4123993.2624061536	0.0
302600.15931124514	4123993.8619386232	0.0
302600.1402797383	4123994.4994660076	0.0
302600.1316499313	4123995.082348108	0.0
302600.1199979702	4123995.700273135	0.0
302600.1044492402	4123996.209118423	0.0
302600.10586821835	4123996.7384537687	0.0
302600.1000047639	4123997.3033422823	0.0
302600.0984675481	4123997.8795813117	0.0
302600.10514037084	4123998.4149192804	0.0
302600.1101568963	4123999.087408064	0.0
302600.1150688499	4123999.7051285785	0.0
302600.1198763269	4124000.2932457505	0.0
302600.1277844648	4124000.906269893	0.0
302600.14141498914	4124001.4166493765	0.0
302600.1585854814	4124001.9769053906	0.0
302600.1760518233	4124002.574901843	0.0
302600.20229807834	4124003.1876797434	0.0
302600.23421051464	4124003.7834860883	0.0
302600.25283280807	4124004.374379191	0.0
302600.29082531226	4124004.9578749374	0.0
302600.3223593775	4124005.5438832603	0.0
302600.3506710761	4124006.1186801577	0.0
302600.3916329044	4124006.6966952328	0.0
302600.41254687955	4124007.4604437607	0.0
302600.48837300786	4124008.042409159	0.0
302600.5111090334	4124008.6179714133	0.0
302600.56887898373	4124009.194771931	0.0
302600.6161984688	4124009.7726374874	0.0
302600.6666663518	4124010.3522793623	0.0
302600.7200303959	4124010.9292626185	0.0
302600.7694589541	4124011.508743899	0.0
302600.8237797208	4124012.0949564693	0.0
302600.8905860621	4124012.8660966866	0.0
302600.9723951074	4124013.6398446476	0.0
302601.01754899276	4124014.2262728056	0.0
302601.0870941949	4124014.805651057	0.0
302601.1413669987	4124015.364664426	0.0
302601.17837947246	4124015.9450055948	0.0
302601.3024699767	4124016.509580619	0.0
302601.4059602513	4124017.0541138723	0.0
302601.52899318584	4124017.6055889665	0.0
302601.6711990349	4124018.1357040536	0.0
302601.855874111	4124018.8613288417	0.0
302601.9586286772	4124019.385665777	0.0
302602.1413250404	4124019.92171962	0.0
302602.2848875426	4124020.4403305603	0.0
302602.4318419681	4124020.964782892	0.0
302602.58313631633	4124021.497644824	0.0
302602.7363091672	4124022.00973852	0.0
302602.8881600272	4124022.522233382	0.0
302603.059210027	4124023.052225234	0.0
302603.2248459583	4124023.572167424	0.0
302603.3341406846	4124024.0697193397	0.0
302603.5666456481	4124024.5879345397	0.0
302603.74402708956	4124025.104084817	0.0
302603.9107891583	4124025.6027213633	0.0
302604.11861993285	4124026.2436101176	0.0
302604.27741566696	4124026.837542655	0.0
302604.3917077237	4124027.413648132	0.0
302604.4812212827	4124027.9488882306	0.0
302604.5698432586	4124028.4525080975	0.0
302604.662444487	4124029.037265298	0.0
302604.7288626436	4124029.5843357635	0.0
302604.79218037764	4124030.1694115796	0.0
302604.85861585353	4124030.698348089	0.0
302604.9114531614	4124031.2026245045	0.0
302604.9720003324	4124031.722597255	0.0
302605.0479812515	4124032.258746189	0.0
302605.122892245	4124032.820974935	0.0
302605.1904018923	4124033.37671644	0.0
302605.2554891978	4124033.8860708144	0.0
302605.30940480344	4124034.4374990845	0.0
302605.3900475553	4124035.0094069885	0.0
302605.44532440323	4124035.516771651	0.0
302605.5120425017	4124036.051437642	0.0
302605.5848617529	4124036.606499172	0.0
302605.64786615846	4124037.146803587	0.0
302605.6990380958	4124037.7060749414	0.0
302605.7338593381	4124038.2746125697	0.0
302605.75369535363	4124038.8538646493	0.0
302605.76141517237	4124039.355597459	0.0
302605.7728110377	4124039.861677632	0.0
302605.78712410806	4124040.3759268406	0.0
302605.7990761884	4124040.972202635	0.0
302605.81594637665	4124041.5259894645	0.0
302605.8254024819	4124042.1545202676	0.0
302605.83515821013	4124042.6636956404	0.0
302605.8460359172	4124043.182836585	0.0
302605.8636364901	4124043.6859063054	0.0
302605.86771782546	4124044.3375080093	0.0
302605.86957259313	4124044.9636270767	0.0
302605.8296895197	4124045.576294902	0.0
302605.73633610376	4124046.1735669808	0.0
302605.5834286537	4124046.7483699727	0.0
302605.416205691	4124047.3309110915	0.0
302605.25266593776	4124047.8939367887	0.0
302605.0947358674	4124048.450169256	0.0
302604.95109095564	4124049.0099515314	0.0
302604.824044597	4124049.5584263043	0.0
302604.70746091066	4124050.0925922627	0.0
302604.59987447277	4124050.6256214464	0.0
302604.5204755508	4124051.143184812	0.0
302604.4395024609	4124051.663005637	0.0
302604.36554364534	4124052.1791458125	0.0
302604.33276066434	4124052.722897429	0.0
302604.2181003203	4124053.2819138286	0.0
302604.1477945696	4124053.8527388275	0.0
302604.10035317834	4124054.4359717923	0.0
302603.96639400366	4124055.159660319	0.0
302603.8872433256	4124055.7443860257	0.0
302603.7997520603	4124056.326717382	0.0
302603.7407173456	4124056.898689603	0.0
302603.63801968604	4124057.4823717778	0.0
302603.5746277206	4124058.055592695	0.0
302603.4687121259	4124058.6367240464	0.0
302603.37012767105	4124059.212840038	0.0
302603.2769441869	4124059.7921596635	0.0
302603.16590106284	4124060.3669033432	0.0
302603.0495918802	4124060.956758809	0.0
302602.95762113715	4124061.7014245163	0.0
302602.7619386029	4124062.30614709	0.0
302602.6297137334	4124062.911179783	0.0
302602.52256652	4124063.516633866	0.0
302602.33619379916	4124064.1243343377	0.0
302602.1712981253	4124064.7366116797	0.0
302601.958886162	4124065.498590666	0.0
302601.76598567417	4124066.108936145	0.0
302601.56512291287	4124066.7078116094	0.0
302601.3484704634	4124067.302062453	0.0
302601.0565707882	4124068.030568989	0.0
302600.808308532	4124068.6142760604	0.0
302600.5440435326	4124069.1968792174	0.0
302600.2766866771	4124069.7675277446	0.0
302600.00682505226	4124070.3323140303	0.0
302599.7322496356	4124070.9042425705	0.0
302599.45677413326	4124071.4819284156	0.0
302599.18491235195	4124072.0623048265	0.0
302598.90943690075	4124072.6336994604	0.0
302598.6449852118	4124073.220932995	0.0
302598.3883653517	4124073.807797307	0.0
302598.15257959184	4124074.3999077557	0.0
302597.9234037615	4124075.002594859	0.0
302597.7088217521	4124075.596797139	0.0
302597.5133518429	4124076.204797721	0.0
302597.3397640621	4124076.8248661277	0.0
302597.1725608153	4124077.6031754347	0.0
302597.0750906888	4124078.24550834	0.0
302597.0072822359	4124078.89102939	0.0
302596.9668567835	4124079.537201669	0.0
302596.9621679506	4124080.1869743206	0.0
302596.9662283958	4124080.8250689474	0.0
302596.9718152046	4124081.465163074	0.0
302596.9898259579	4124082.117732504	0.0
302597.0068844219	4124082.7801312534	0.0
302597.02246856515	4124083.4112935476	0.0
302597.0263987329	4124084.0815875544	0.0
302597.0284719824	4124084.735827078	0.0
302597.03883796517	4124085.3904266716	0.0
302597.04874357686	4124086.1575391535	0.0
302597.0508120393	4124086.7235164866	0.0
302597.051584444	4124087.2532571913	0.0
302597.0506961086	4124087.863342703	0.0
302597.0496292551	4124088.4280985235	0.0
302597.05314985465	4124088.9363103886	0.0
302597.0591104086	4124089.5231052823	0.0
302597.0625963808	4124090.0612938376	0.0
302597.0712922403	4124090.6574612535	0.0
302597.07268651784	4124091.188482589	0.0
302597.0818084077	4124091.758734907	0.0
302597.09390923625	4124092.361298511	0.0
302597.1104631033	4124092.983371229	0.0
302597.131752692	4124093.6306825355	0.0
302597.14700644335	4124094.272954788	0.0
302597.16490415565	4124094.920715945	0.0
302597.18580748944	4124095.715140183	0.0
302597.20740668394	4124096.5265713963	0.0
302597.21089320723	4124097.1654196815	0.0
302597.21576258546	4124097.806455881	0.0
302597.2171444688	4124098.4564558454	0.0
302597.21087717154	4124099.095718573	0.0
302597.19798267295	4124099.736247387	0.0
302597.17680854583	4124100.383262168	0.0
302597.1574347726	4124101.037636059	0.0
302597.1312381374	4124101.697536471	0.0
302597.11052511836	4124102.3704454894	0.0
302597.09481640405	4124102.8724483186	0.0
302597.0759811385	4124103.38618197	0.0
302597.0603333586	4124103.8970651086	0.0
302597.05153889704	4124104.4037162643	0.0
302597.0334777292	4124104.9252032344	0.0
302597.0117333061	4124105.441040711	0.0
302596.99106730893	4124105.95241195	0.0
302596.96956650517	4124106.484896961	0.0
302596.92656299646	4124107.1912667076	0.0
302596.9036359251	4124107.7322969344	0.0
302596.8795955749	4124108.2637314606	0.0
302596.8584426929	4124108.798428727	0.0
302596.8358157929	4124109.3585106353	0.0
302596.8119799561	4124109.911219526	0.0
302596.8002634272	4124110.4382934044	0.0
302596.7841112673	4124110.9465979077	0.0
302596.7684381422	4124111.582196111	0.0
302596.75823883957	4124112.180989607	0.0
302596.75004132563	4124112.7435464724	0.0
302596.71702140174	4124113.302022461	0.0
302596.69208106044	4124113.8517967546	0.0
302596.65181707323	4124114.523685332	0.0
302596.61745771096	4124115.062949052	0.0
302596.5608641767	4124115.600330241	0.0
302596.49147714797	4124116.1283904416	0.0
302596.4240470227	4124116.664176141	0.0
302596.3428059167	4124117.203987398	0.0
302596.25151520944	4124117.7253463543	0.0
302596.1581893674	4124118.2419422357	0.0
302596.0167387987	4124118.888640291	0.0
302595.9070363763	4124119.413392872	0.0
302595.78056593036	4124119.9359493274	0.0
302595.6457593478	4124120.4625876113	0.0
302595.51508825715	4124120.988943599	0.0
302595.3680274215	4124121.5040277853	0.0
302595.2191837711	4124122.031366301	0.0
302595.05847289343	4124122.551027378	0.0
302594.87868932536	4124123.0774282785	0.0
302594.67651934514	4124123.5891827345	0.0
302594.4554722669	4124124.090834115	0.0
302594.1967407074	4124124.6004032204	0.0
302593.93161665567	4124125.08347746	0.0
302593.65350783034	4124125.5616760952	0.0
302593.3616575807	4124126.034276778	0.0
302593.0673286271	4124126.495833597	0.0
302592.7543182038	4124126.9367356794	0.0
302592.40907201346	4124127.3782109316	0.0
302592.02143616264	4124127.8162423414	0.0
302591.60913072317	4124128.2054493143	0.0
302591.1611456935	4124128.631207513	0.0
302590.6724711653	4124129.031462578	0.0
302589.92876400705	4124129.601658325	0.0
302589.2773324312	4124130.0571816983	0.0
302588.6994643148	4124130.357209697	0.0
302588.1112379127	4124130.644528831	0.0
302587.6462879536	4124130.8395759165	0.0
302587.0189981695	4124131.0636063316	0.0
302586.3750401817	4124131.2519467673	0.0
302585.8792322697	4124131.342619139	0.0
302585.2083344858	4124131.4485120135	0.0
302584.6862045148	4124131.4955798998	0.0
302584.1688186858	4124131.524217637	0.0
302583.6591163353	4124131.4958685325	0.0
302583.1499055602	4124131.4947082335	0.0
302582.628527349	4124131.46681886	0.0
302582.114720013	4124131.4463379285	0.0
302581.6143845256	4124131.4325715294	0.0
302580.9647328798	4124131.4165811827	0.0
302580.346103861	4124131.411333434	0.0
302579.626353643	4124131.4025431117	0.0
302579.0901511854	4124131.373337319	0.0
302578.5239306394	4124131.338361373	0.0
302577.9508000594	4124131.280048386	0.0
302577.40556984115	4124131.231811274	0.0
302576.88576567743	4124131.195373558	0.0
302576.37856361555	4124131.160119734	0.0
302575.81645680266	4124131.1302282205	0.0
302575.29277810414	4124131.09887772	0.0
302574.574432072	4124131.0491617694	0.0
302573.97452745656	4124130.997214965	0.0
302573.3660431971	4124130.9515762147	0.0
302572.76705166313	4124130.8881357657	0.0
302572.19030721096	4124130.814550161	0.0
302571.64463303017	4124130.728576448	0.0
302571.1263111001	4124130.6293769022	0.0
302570.6100070295	4124130.5467831907	0.0
302570.11473678396	4124130.452777592	0.0
302569.5304297422	4124130.3344062287	0.0
302568.8528894109	4124130.176779892	0.0
302568.3232695118	4124130.0375083555	0.0
302567.8134483628	4124129.878342308	0.0
302567.29184252466	4124129.7087213947	0.0
302566.7249593785	4124129.519811585	0.0
302566.2165035604	4124129.355802568	0.0
302565.4871623643	4124129.1153885233	0.0
302564.8379566778	4124128.9234193587	0.0
302564.3380850049	4124128.778452301	0.0
302563.8383916712	4124128.6410675677	0.0
302563.33540216426	4124128.508201271	0.0
302562.8189974978	4124128.3898983793	0.0
302562.31223356165	4124128.2726639844	0.0
302561.8002774968	4124128.161102848	0.0
302561.28085939656	4124128.0593391685	0.0
302560.7556970425	4124127.977509537	0.0
302560.22879104444	4124127.9095986807	0.0
302559.69617118617	4124127.856625179	0.0
302559.1620033324	4124127.813310012	0.0
302558.6256310154	4124127.795766792	0.0
302558.0874366957	4124127.782522303	0.0
302557.5622184985	4124127.7737835385	0.0
302557.0551163922	4124127.7679492915	0.0
302556.399759154	4124127.7672680225	0.0
302555.7789206752	4124127.762444111	0.0
302555.20660775364	4124127.764065192	0.0
302554.66879618797	4124127.7608038806	0.0
302554.0587552218	4124127.762202362	0.0
302553.5023275785	4124127.7662254064	0.0
302552.8765579392	4124127.771879751	0.0
302552.1293984246	4124127.773913559	0.0
302551.57026167365	4124127.7822563006	0.0
302550.9605382184	4124127.7908639545	0.0
302550.4322023451	4124127.8068088163	0.0
302549.88184534246	4124127.8173505976	0.0
302549.2932994866	4124127.8395229294	0.0
302548.70230100263	4124127.858052273	0.0
302548.0883291705	4124127.88100788	0.0
302547.4540714022	4124127.909436751	0.0
302546.8256581995	4124127.947350065	0.0
302546.1935095771	4124127.983685977	0.0
302545.58527774794	4124127.999105276	0.0
302544.9583342086	4124128.024031609	0.0
302544.33295589755	4124128.0274569476	0.0
302543.6997588972	4124128.03180642	0.0
302543.06143062405	4124128.0381270233	0.0
302542.4196320969	4124128.0352774966	0.0
302541.77585471515	4124128.0111953905	0.0
302541.1381479852	4124127.9936318253	0.0
302540.50161970535	4124127.975855546	0.0
302539.87088362593	4124127.952762027	0.0
302539.23338097974	4124127.9124343293	0.0
302538.59779152286	4124127.859109123	0.0
302537.958022523	4124127.7601783075	0.0
302537.31366103294	4124127.629529332	0.0
302536.6770829995	4124127.4650206617	0.0
302536.19129127526	4124127.3212042768	0.0
302535.7134525329	4124127.1381581314	0.0
302535.24760241073	4124126.93022012	0.0
302534.7895052787	4124126.687127851	0.0
302534.3470754588	4124126.405734541	0.0
302533.9143903812	4124126.098391931	0.0
302533.4962983299	4124125.738525747	0.0
302533.1113377095	4124125.3658527285	0.0
302532.75078934565	4124124.9555980945	0.0
302532.41195736034	4124124.5252186917	0.0
302532.12703415996	4124124.078583024	0.0
302531.87592969625	4124123.635777608	0.0
302531.67226766737	4124123.1722421474	0.0
302531.4409903961	4124122.5661382424	0.0
302531.2176103577	4124121.981312763	0.0
302531.03654651344	4124121.4282431356	0.0
302530.90862654743	4124120.8892811923	0.0
302530.8163519334	4124120.3689094265	0.0
302530.74682032637	4124119.8531835964	0.0
302530.71626503835	4124119.3530089906	0.0
302530.7101311728	4124118.8470787937	0.0
302530.72983063385	4124118.2319244477	0.0
302530.7291383948	4124117.7154222755	0.0
302530.7361658617	4124117.2059336826	0.0
302530.7371836555	4124116.5701247235	0.0
302530.73603314254	4124116.055935682	0.0
302530.7364612994	4124115.552256573	0.0
302530.7317929093	4124115.0457367925	0.0
302530.7274810525	4124114.535507895	0.0
302530.71940782596	4124114.0351744206	0.0
302530.71500468825	4124113.527353144	0.0
302530.71526048717	4124112.8858668893	0.0
302530.70490072784	4124112.3748142016	0.0
302530.70162358927	4124111.8456872497	0.0
302530.69378917967	4124111.317777739	0.0
302530.68911612075	4124110.785908086	0.0
302530.6796812926	4124110.246563974	0.0
302530.67101434234	4124109.5700898385	0.0
302530.65827901603	4124109.0350792133	0.0
302530.6490182342	4124108.5031324644	0.0
302530.6353261887	4124107.965183769	0.0
302530.61887283175	4124107.429335441	0.0
302530.608455351	4124106.8985261247	0.0
302530.5925890524	4124106.3624789496	0.0
302530.5773359962	4124105.8336337646	0.0
302530.5657487626	4124105.3034070805	0.0
302530.553252669	4124104.772276595	0.0
302530.5450442609	4124104.2410452343	0.0
302530.53981898434	4124103.7108539077	0.0
302530.53588939615	4124103.1665693307	0.0
302530.5303726882	4124102.6302786595	0.0
302530.5250664917	4124102.093764792	0.0
302530.5166257487	4124101.555540725	0.0
302530.5180014932	4124101.0166824213	0.0
302530.5241258023	4124100.4721613065	0.0
302530.5323678941	4124099.9296257654	0.0
302530.54017758614	4124099.242957061	0.0
302530.5484152507	4124098.693945353	0.0
302530.551952056	4124098.1400482617	0.0
302530.560063633	4124097.5919647035	0.0
302530.56526596856	4124097.0396937546	0.0
302530.5691768049	4124096.48911852	0.0
302530.5751706166	4124095.9390493897	0.0
302530.5768333143	4124095.3935230304	0.0
302530.5803179301	4124094.8374067335	0.0
302530.586655316	4124094.289364922	0.0
302530.59624108585	4124093.7410616465	0.0
302530.6086359514	4124093.1864010454	0.0
302530.61663001054	4124092.6270330376	0.0
302530.62611998717	4124092.0683699814	0.0
302530.64348082035	4124091.504710801	0.0
302530.6532446734	4124090.938824885	0.0
302530.66013597784	4124090.374809179	0.0
302530.6683585254	4124089.801790842	0.0
302530.66893811815	4124089.2290896256	0.0
302530.66496921063	4124088.6642669514	0.0
302530.6585040713	4124088.087660677	0.0
302530.65522205003	4124087.5080189314	0.0
302530.6521444457	4124086.9307778515	0.0
302530.65435025835	4124086.3454559026	0.0
302530.6538816942	4124085.7596417665	0.0
302530.65286523703	4124085.1756908842	0.0
302530.65100510453	4124084.5873189806	0.0
302530.65081049816	4124084.0005732174	0.0
302530.65134637133	4124083.4071489614	0.0
302530.6445331809	4124082.815747971	0.0
302530.6416077226	4124082.232397115	0.0
302530.6331377963	4124081.6460310877	0.0
302530.6265768864	4124081.0590650374	0.0
302530.6170590316	4124080.4784597913	0.0
302530.6093414213	4124079.892631174	0.0
302530.5998627298	4124079.3136903355	0.0
302530.590936207	4124078.7267799433	0.0
302530.5788352669	4124078.143274892	0.0
302530.5676476256	4124077.567149807	0.0
302530.55964762036	4124077.000756655	0.0
302530.55407407763	4124076.430605688	0.0
302530.5432126018	4124075.855768187	0.0
302530.5353908321	4124075.2843748606	0.0
302530.529943314	4124074.707004512	0.0
302530.52469150815	4124074.1316649592	0.0
302530.51411277463	4124073.562556933	0.0
302530.50759814	4124072.8518004715	0.0
302530.5085692508	4124072.2831608583	0.0
302530.512484347	4124071.713896874	0.0
302530.5161385478	4124071.1461193184	0.0
302530.51817935734	4124070.572643596	0.0
302530.52475571673	4124069.997025765	0.0
302530.52790111315	4124069.426484637	0.0
302530.5322380283	4124068.8562855497	0.0
302530.5352442808	4124068.286117769	0.0
302530.53757219156	4124067.7185564577	0.0
302530.5349992425	4124067.150185268	0.0
302530.5378010923	4124066.577616826	0.0
302530.5387740141	4124066.0080838557	0.0
302530.536677747	4124065.4483663025	0.0
302530.5326221008	4124064.892427434	0.0
302530.5302754978	4124064.3399640494	0.0
302530.5264503766	4124063.7875354514	0.0
302530.52721905865	4124063.2288996745	0.0
302530.52330515743	4124062.6729503726	0.0
302530.5272856593	4124062.1127516422	0.0
302530.5304399672	4124061.5551628578	0.0
302530.5344205594	4124061.001255362	0.0
302530.5433585021	4124060.444270652	0.0
302530.5546925411	4124059.8885248257	0.0
302530.56757028564	4124059.3292269898	0.0
302530.5795565729	4124058.76976509	0.0
302530.59857449663	4124058.2073622146	0.0
302530.6181123822	4124057.497288087	0.0
302530.6247907457	4124056.932710652	0.0
302530.6499296157	4124056.3596760975	0.0
302530.6653859819	4124055.7905106717	0.0
302530.6812118646	4124055.211899698	0.0
302530.6945545655	4124054.622059929	0.0
302530.70991071675	4124054.0360585526	0.0
302530.71994847315	4124053.444076103	0.0
302530.7337131507	4124052.8658836996	0.0
302530.74811702495	4124052.283420422	0.0
302530.7586159931	4124051.7110409797	0.0
302530.77310697426	4124051.1385676167	0.0
302530.7865717785	4124050.5727797057	0.0
302530.79886682064	4124050.0075744255	0.0
302530.81422325736	4124049.4404467596	0.0
302530.8213218098	4124048.880729793	0.0
302530.8293161035	4124048.31507059	0.0
302530.83851924574	4124047.7442019302	0.0
302530.8434652153	4124047.181019918	0.0
302530.85656457476	4124046.5996975554	0.0
302530.872721134	4124046.0288503417	0.0
302530.8856464699	4124045.4401306207	0.0
302530.90306829044	4124044.8538956214	0.0
302530.9167503001	4124044.265898245	0.0
302530.93048887723	4124043.6803050125	0.0
302530.95518166025	4124043.1013004077	0.0
302530.98451450816	4124042.5308833467	0.0
302531.01022929425	4124041.957590826	0.0
302531.03524406534	4124041.392271339	0.0
302531.06259402056	4124040.8256016583	0.0
302531.0825167189	4124040.2702088994	0.0
302531.1055659966	4124039.70937653	0.0
302531.1272671293	4124039.1415444966	0.0
302531.1455069067	4124038.5837858617	0.0
302531.1649163015	4124038.0128621287	0.0
302531.19053985056	4124037.441977233	0.0
302531.20211316104	4124036.877529097	0.0
302531.22150952125	4124036.306050563	0.0
302531.2321321801	4124035.735021904	0.0
302531.24712606997	4124035.1689545824	0.0
302531.26074315095	4124034.5970569104	0.0
302531.27196856996	4124034.030396524	0.0
302531.2791323678	4124033.4608711144	0.0
302531.2879834563	4124032.8938965173	0.0
302531.2938297193	4124032.33124845	0.0
302531.29340977734	4124031.7789248074	0.0
302531.292854961	4124031.22086821	0.0
302531.28962139913	4124030.662134492	0.0
302531.2874793727	4124030.105780565	0.0
302531.28967719944	4124029.5452537364	0.0
302531.2955191338	4124028.9824207397	0.0
302531.3017437182	4124028.4169882303	0.0
302531.3137387503	4124027.839022528	0.0
302531.3258252315	4124027.271231673	0.0
302531.340294688	4124026.697833666	0.0
302531.3566818785	4124026.124205505	0.0
302531.3703008119	4124025.5532887406	0.0
302531.4000625841	4124024.9813255607	0.0
302531.42165066	4124024.4023940256	0.0
302531.4441563955	4124023.831027391	0.0
302531.4691059369	4124023.2503514453	0.0
302531.49692995043	4124022.672383419	0.0
302531.51441910723	4124022.099851528	0.0
302531.5497730706	4124021.510407159	0.0
302531.580227996	4124020.931081986	0.0
302531.61271370866	4124020.350043707	0.0
302531.6628529661	4124019.620190949	0.0
302531.7128635513	4124019.0357797923	0.0
302531.77665932814	4124018.458815845	0.0
302531.85597094963	4124017.8811167935	0.0
302531.9528249974	4124017.3133670674	0.0
302532.0581588008	4124016.7413470442	0.0
302532.1794738426	4124016.1757973866	0.0
302532.3098731823	4124015.6128095575	0.0
302532.46758621937	4124015.0538050462	0.0
302532.6471163747	4124014.5040941862	0.0
302532.8554388373	4124013.9646231006	0.0
302533.08426065405	4124013.4224493084	0.0
302533.33817846526	4124012.8906022557	0.0
302533.6106431729	4124012.3610944166	0.0
302533.90362479887	4124011.842206084	0.0
302534.1356709871	4124011.3340137866	0.0
302534.54131954047	4124010.8276372156	0.0
302534.88302774506	4124010.3299919744	0.0
302535.2407869075	4124009.8480672976	0.0
302535.62645549444	4124009.3640057505	0.0
302536.03428486694	4124008.8975564316	0.0
302536.4653404548	4124008.449989534	0.0
302536.914869137	4124008.0142004653	0.0
302537.38582376495	4124007.6025171936	0.0
302537.8767257391	4124007.2086832747	0.0
302538.38113486103	4124006.8419170002	0.0
302538.90171241155	4124006.49586453	0.0
302539.4313657291	4124006.164586524	0.0
302539.963267543	4124005.853424621	0.0
302540.49725259445	4124005.561642558	0.0
302541.04242685204	4124005.2864356088	0.0
302541.5885101513	4124005.024714963	0.0
302542.1385856473	4124004.7754829107	0.0
302542.6908661851	4124004.5508088525	0.0
302543.5306895554	4124004.255162767	0.0
302544.0963210269	4124004.088646206	0.0
302544.66135701677	4124003.9471235974	0.0
302545.23401638225	4124003.827811085	0.0
302545.8091068601	4124003.730090671	0.0
302546.3769571632	4124003.6578905974	0.0
302546.9536527401	4124003.6032459685	0.0
302547.6637379573	4124003.5654473715	0.0
302548.2252920801	4124003.552607163	0.0
302548.79508699855	4124003.5567815076	0.0
302549.3575371251	4124003.5631640744	0.0
302549.9272537943	4124003.57030092	0.0
302550.4914563939	4124003.5757171544	0.0
302551.0587987069	4124003.5825398583	0.0
302551.7627614717	4124003.5863337694	0.0
302552.32358519954	4124003.5927547924	0.0
302552.880055871	4124003.590211475	0.0
302553.5723164915	4124003.5933556356	0.0
302554.1308919021	4124003.5922431806	0.0
302554.6882410415	4124003.5956004793	0.0
302555.24580764025	4124003.601913281	0.0
302555.8072097084	4124003.607765823	0.0
302556.3751564548	4124003.615129776	0.0
302556.95193951344	4124003.6145143816	0.0
302557.5265701433	4124003.629307671	0.0
302558.1012442148	4124003.6396591077	0.0
302558.6854852754	4124003.6542264097	0.0
302559.267517238	4124003.6692157886	0.0
302559.8488098765	4124003.677931364	0.0
302560.43709510146	4124003.6883328557	0.0
302561.1621095196	4124003.700329061	0.0
302561.73511803255	4124003.709054597	0.0
302562.3064304516	4124003.702277021	0.0
302562.8753250736	4124003.6996271545	0.0
302563.43778806506	4124003.6939829984	0.0
302563.9917494855	4124003.6853932412	0.0
302564.5364918236	4124003.6747999424	0.0
302565.05908662395	4124003.659731662	0.0
302565.5607776129	4124003.6427496527	0.0
302566.1547984201	4124003.626556439	0.0
302566.70738126116	4124003.609672655	0.0
302567.2433611237	4124003.597620319	0.0
302567.7705916122	4124003.590954836	0.0
302568.31013739214	4124003.5858500693	0.0
302568.8413338054	4124003.577981149	0.0
302569.4366940807	4124003.574709202	0.0
302569.99850039463	4124003.5663053878	0.0
302570.55935003754	4124003.5612547663	0.0
302571.09062034835	4124003.5502386335	0.0
302571.61653750663	4124003.5380531964	0.0
302572.1631975252	4124003.5209390144	0.0
302572.75667476084	4124003.5067944545	0.0
302573.3198377122	4124003.480595467	0.0
302573.88646222337	4124003.46319684	0.0
302574.41732368484	4124003.4410883584	0.0
302574.92181073857	4124003.4109035647	0.0
302575.5225630888	4124003.3790096324	0.0
302576.20332122286	4124003.3396828277	0.0
302576.8668848821	4124003.292618913	0.0
302577.3973983637	4124003.2557159034	0.0
302577.9757857445	4124003.216391633	0.0
302578.5180274185	4124003.1749570025	0.0
302579.03194223484	4124003.1367791835	0.0
302579.5912956684	4124003.0869855806	0.0
302580.09846133535	4124003.032313308	0.0
302580.6509741209	4124002.9369767113	0.0
302581.220359395	4124002.8168185125	0.0
302581.7907447801	4124002.6825740742	0.0
302582.3581731607	4124002.5546904583	0.0
302582.9102159648	4124002.3953425186	0.0
302583.4312053262	4124002.2365399627	0.0
302583.9244243056	4124002.054335892	0.0
302584.4025056885	4124001.857499952	0.0
302584.86818901787	4124001.630424659	0.0
302585.3958655418	4124001.2779170102	0.0
302585.8769508612	4124000.894308911	0.0
302586.30015591474	4124000.4713542014	0.0
302586.67401275085	4124000.019584304	0.0
302586.99742987903	4123999.542910645	0.0
302587.2798525596	4123999.0529533895	0.0
302587.57490715146	4123998.401902532	0.0
302587.8097202782	4123997.7306193067	0.0
302587.937657994	4123997.163434676	0.0
302588.0475315009	4123996.5829822314	0.0
302588.11600617366	4123996.0035034753	0.0
302588.1692128846	4123995.429009723	0.0
302588.2160054791	4123994.8711350597	0.0
302588.2574188597	4123994.317272676	0.0
302588.2908439299	4123993.7822868363	0.0
302588.3218729798	4123993.258644564	0.0
302588.3583595816	4123992.740610058	0.0
302588.4066782391	4123992.115531342	0.0
302588.44997914846	4123991.5978916776	0.0
302588.49233640556	4123991.077868735	0.0
302588.53658963	4123990.550399752	0.0
302588.5792511452	4123989.9992835647	0.0
302588.61518524215	4123989.4263062887	0.0
302588.6529412675	4123988.8238653983	0.0
302588.67438538873	4123988.175734128	0.0
302588.68335403583	4123987.6701891595	0.0
302588.6908441547	4123987.164678966	0.0
302588.6886586085	4123986.66291203	0.0
302588.68890316715	4123986.0065826615	0.0
302588.6776282571	4123985.357370568	0.0
302588.66279614286	4123984.7015808327	0.0
302588.6470638609	4123984.0452571604	0.0
302588.60203930235	4123983.401464751	0.0
302588.5420721041	4123982.606664123	0.0
302588.48375817714	4123981.970215652	0.0
302588.4222740814	4123981.3310661973	0.0
302588.3656474224	4123980.697168548	0.0
302588.2971576977	4123980.062069625	0.0
302588.2332078597	4123979.4124311	0.0
302588.1667401929	4123978.7689579884	0.0
302588.0962369853	4123978.1237294287	0.0
302588.0394153631	4123977.4746937607	0.0
302587.9514950704	4123976.831694843	0.0
302587.86978543137	4123976.188025109	0.0
302587.795042323	4123975.5512229055	0.0
302587.7269229917	4123974.9180207523	0.0
302587.62352158094	4123974.277951703	0.0
302587.5540759019	4123973.65229644	0.0
302587.4349064424	4123973.0263617267	0.0
302587.3412337369	4123972.396110938	0.0
302587.23983352655	4123971.7706678044	0.0
302587.1347891286	4123971.1412395816	0.0
302587.026965954	4123970.5131719722	0.0
302586.9120588151	4123969.879534851	0.0
302586.7915287842	4123969.2269712444	0.0
302586.62740286434	4123968.412786127	0.0
302586.49366167106	4123967.7646040437	0.0
302586.3571199779	4123967.1231491333	0.0
302586.210906858	4123966.4730399516	0.0
302586.06661588256	4123965.8354680305	0.0
302585.9181588911	4123965.1968838777	0.0
302585.7666882669	4123964.5559651335	0.0
302585.6014499699	4123963.9397949893	0.0
302585.48483017547	4123963.3174142255	0.0
302585.2724779154	4123962.702238307	0.0
302585.1470086549	4123962.0868287715	0.0
302584.92827256816	4123961.4774373462	0.0
302584.7445133466	4123960.8663287293	0.0
302584.6054849986	4123960.249507402	0.0
302584.40500519064	4123959.7909266045	0.0
302584.2581579953	4123959.189436787	0.0
302584.0018322406	4123958.5937877293	0.0
302583.7859017607	4123957.998608764	0.0
302583.57306748396	4123957.402986909	0.0
302583.34960949107	4123956.8148313398	0.0
302583.1409977753	4123956.2352083325	0.0
302582.9291375998	4123955.6558467695	0.0
302582.71912127145	4123955.085693657	0.0
302582.5102355529	4123954.5132935187	0.0
302582.3565392068	4123953.938911276	0.0
302582.0900331675	4123953.3720661225	0.0
302581.9376240069	4123952.528621829	0.0
302581.60954470944	4123952.095514881	0.0
302581.45451763365	4123951.5327765415	0.0
302581.1763571051	4123950.9619943826	0.0
302580.952868397	4123950.3788355635	0.0
302580.72764014185	4123949.784615489	0.0
302580.4937841394	4123949.1883779094	0.0
302580.25724491815	4123948.578695798	0.0
302580.02020127804	4123947.9790175143	0.0
302579.78067446966	4123947.368110428	0.0
302579.52749290725	4123946.7615953092	0.0
302579.20404507284	4123946.0105542345	0.0
302579.01228455035	4123945.3986858567	0.0
302578.7662911479	4123944.934502475	0.0
302578.5155228926	4123944.3173835496	0.0
302578.32798043324	4123943.8473616512	0.0
302578.07818623516	4123943.233920553	0.0
302577.8829379625	4123942.7696309937	0.0
302577.69331674895	4123942.2929966943	0.0
302577.49134979676	4123941.832380859	0.0
302577.2928747386	4123941.3629861907	0.0
302577.0883637069	4123940.888552481	0.0
302576.8854703865	4123940.420001886	0.0
302576.67975041945	4123939.9507776345	0.0
302576.47690490267	4123939.4842613214	0.0
302576.2718720437	4123939.0253829467	0.0
302576.0678436934	4123938.5651856954	0.0
302575.86544602795	4123938.098843896	0.0
302575.6603652213	4123937.6316400287	0.0
302575.4084442155	4123937.0221347767	0.0
302575.1735785161	4123936.401866346	0.0
302574.9396477574	4123935.7836113283	0.0
302574.69662842585	4123935.1877744384	0.0
302574.4548744644	4123934.5828410136	0.0
302574.2028924767	4123933.9833291825	0.0
302573.96503046947	4123933.3740483923	0.0
302573.7128266943	4123932.783978638	0.0
302573.52112233057	4123932.197847529	0.0
302573.25316766265	4123931.75784701	0.0
302573.00357325375	4123931.209534093	0.0
302572.7972441483	4123930.752166563	0.0
302572.5804435526	4123930.221610179	0.0
302572.28169565625	4123929.6707284553	0.0
302572.0277090858	4123929.1369516985	0.0
302571.7574408768	4123928.5650703656	0.0
302571.47564858285	4123927.9749564733	0.0
302571.18114074366	4123927.3788504405	0.0
302570.9500849991	4123926.9205842544	0.0
302570.70904034865	4123926.459037337	0.0
302570.46315123874	4123925.99279343	0.0
302570.20872997085	4123925.5160181117	0.0
302569.94798134756	4123925.0343956496	0.0
302569.6786179568	4123924.545019263	0.0
302569.4069714735	4123924.052921041	0.0
302569.12771044235	4123923.5578563153	0.0
302568.8421698557	4123923.0536874877	0.0
302568.5631522278	4123922.5501053827	0.0
302568.2722061728	4123922.0425480255	0.0
302567.9826124805	4123921.529592815	0.0
302567.69693248183	4123921.0069236704	0.0
302567.4025550972	4123920.4792780937	0.0
302567.11369166116	4123919.9344794946	0.0
302566.8210100715	4123919.390880928	0.0
302566.41633170017	4123918.651927908	0.0
302566.1115084783	4123918.0952923424	0.0
302565.8156607939	4123917.5303040687	0.0
302565.52539674455	4123916.9637041762	0.0
302565.2339671748	4123916.39158062	0.0
302564.93329668813	4123915.8228200483	0.0
302564.633034928	4123915.2525695846	0.0
302564.33451258054	4123914.680797924	0.0
302564.0368077239	4123914.106046463	0.0
302563.7488089822	4123913.5225550337	0.0
302563.4614886198	4123912.9427483827	0.0
302563.17829940165	4123912.356183261	0.0
302562.89094407484	4123911.7623146907	0.0
302562.60024460766	4123911.17093026	0.0
302562.31385028304	4123910.5801847177	0.0
302562.01270086784	4123909.984790275	0.0
302561.7040586785	4123909.3916074852	0.0
302561.3942770684	4123908.7940106355	0.0
302561.07311931206	4123908.1970514595	0.0
302560.5289067596	4123907.205290619	0.0
302560.1966163374	4123906.6130342064	0.0
302559.86523460597	4123906.002807912	0.0
302559.52907367935	4123905.3969498784	0.0
302559.2029669205	4123904.8034378276	0.0
302558.88387468574	4123904.2314100303	0.0
302558.577458909	4123903.676292436	0.0
302558.3722598715	4123903.141301957	0.0
302557.9878756717	4123902.6236118064	0.0
302557.7100048858	4123902.12481396	0.0
302557.44198843243	4123901.6613112893	0.0
302557.1903665749	4123901.215556536	0.0
302556.91367443884	4123900.748002118	0.0
302556.6544510361	4123900.2998356777	0.0
302556.3623031443	4123899.7664018474	0.0
302556.07259464706	4123899.2108913264	0.0
302555.8764144957	4123898.708117225	0.0
302555.5447707173	4123898.1674901936	0.0
302555.2556880824	4123897.581989097	0.0
302554.9602040504	4123896.982205756	0.0
302554.72964682174	4123896.526333676	0.0
302554.5139357983	4123896.0538291815	0.0
302554.2897187772	4123895.584485358	0.0
302554.0186742205	4123894.9922687537	0.0
302553.76916899486	4123894.4478399553	0.0
302553.53711957566	4123893.9348267904	0.0
302553.26490057167	4123893.31784297	0.0
302553.0485280093	4123892.7983548525	0.0
302552.82221811585	4123892.2086016703	0.0
302552.6154431792	4123891.7072063866	0.0
302552.39135132113	4123891.1488572084	0.0
302552.1427805614	4123890.5686944635	0.0
302551.89169178077	4123889.975823454	0.0
302551.62049894035	4123889.3710279306	0.0
302551.4530104803	4123888.747649188	0.0
302551.1690323438	4123888.3286063904	0.0
302550.88770680455	4123887.701844887	0.0
302550.4152225596	4123886.621245199	0.0
302550.12118117197	4123885.9696178976	0.0
302549.82227792754	4123885.3188451175	0.0
302549.5228179674	4123884.6632744987	0.0
302549.2220663135	4123883.9968171315	0.0
302548.9187315294	4123883.333751191	0.0
302548.4970975709	4123882.440137315	0.0
302548.28110775177	4123881.9872533497	0.0
302548.06590063625	4123881.529910107	0.0
302547.8453359677	4123881.0775038437	0.0
302547.51766981685	4123880.380038445	0.0
302547.2892730681	4123879.9217102313	0.0
302547.06883431453	4123879.4557933714	0.0
302546.8353147947	4123878.9998061103	0.0
302546.50532659434	4123878.3357018987	0.0
302546.17891743354	4123877.6853912254	0.0
302545.8600447162	4123877.0598831745	0.0
302545.54790380085	4123876.443838665	0.0
302545.2418685211	4123875.842083366	0.0
302544.9483880709	4123875.264642563	0.0
302544.6674840915	4123874.6998584624	0.0
302544.4031487341	4123874.1539283847	0.0
302544.144653767	4123873.623589007	0.0
302543.8983395735	4123873.107951034	0.0
302543.65642631846	4123872.6033117203	0.0
302543.4177443355	4123872.122836149	0.0
302543.189107841	4123871.648045436	0.0
302542.9679381603	4123871.1888071615	0.0
302542.67515747837	4123870.6033934015	0.0
302542.4006066385	4123870.038274873	0.0
302542.1654113766	4123869.473340761	0.0
302541.99741335557	4123868.9155924344	0.0
302541.71551621705	4123868.353167411	0.0
302541.47437626455	4123867.793369139	0.0
302541.2208209622	4123867.2529216716	0.0
302540.97244056687	4123866.712352475	0.0
302540.7004469109	4123866.1867716005	0.0
302540.429535944	4123865.6506181937	0.0
302540.14216091495	4123865.1252141334	0.0
302539.8465624446	4123864.596117771	0.0
302539.5464629618	4123864.0580605217	0.0
302539.2458894837	4123863.5250104116	0.0
302538.94940836896	4123863.021284811	0.0
302538.6663080456	4123862.50780759	0.0
302538.3698616089	4123861.9992702478	0.0
302538.08327371976	4123861.5010480615	0.0
302537.80159541836	4123860.9977144087	0.0
302537.51461156935	4123860.482663252	0.0
302537.23298541247	4123859.981548824	0.0
302536.9638662798	4123859.502714606	0.0
302536.7105766661	4123859.0553342532	0.0
302536.4090418831	4123858.5317436922	0.0
302536.11352582346	4123858.0250348896	0.0
302535.8386618962	4123857.540969794	0.0
302535.64882955095	4123857.03664776	0.0
302535.2030329157	4123856.4429295617	0.0
302534.8292998704	4123855.812236162	0.0
302534.324355818	4123854.968137046	0.0
302533.95596304175	4123854.3569318955	0.0
302533.49066216766	4123853.5755527	0.0
302533.14760978695	4123853.029069257	0.0
302532.839834135	4123852.49803913	0.0
302532.5424520433	4123851.9874885674	0.0
302532.2568116777	4123851.50441723	0.0
302531.90282580664	4123850.8893575394	0.0
302531.57705031824	4123850.3163775885	0.0
302531.27726738807	4123849.7855295492	0.0
302531.0052599291	4123849.290850316	0.0
302530.6992189371	4123848.7392404154	0.0
302530.4415838019	4123848.239227102	0.0
302530.1855490132	4123847.7443571626	0.0
302529.93969468516	4123847.267196251	0.0
302529.7008116372	4123846.8222526945	0.0
302529.429547162	4123846.2837024196	0.0
302529.1046362606	4123845.6657383866	0.0
302528.8738895447	4123845.2207884723	0.0
302528.5071521854	4123844.5479274862	0.0
302528.26367649547	4123844.0775569975	0.0
302528.0147129175	4123843.6254491783	0.0
302527.8796004253	4123843.133746954	0.0
302527.4989377566	4123842.641717764	0.0
302527.24447270535	4123842.1632791986	0.0
302526.9923733239	4123841.6847849856	0.0
302526.74098266824	4123841.1986876163	0.0
302526.48493021214	4123840.715660506	0.0
302526.23358736024	4123840.231597426	0.0
302525.97886120155	4123839.748354088	0.0
302525.7377072965	4123839.2634962057	0.0
302525.49230042135	4123838.7865099087	0.0
302525.24646735704	4123838.310273788	0.0
302524.9982032422	4123837.8250280875	0.0
302524.74735165696	4123837.342988882	0.0
302524.4910729517	4123836.86921896	0.0
302524.2332112468	4123836.3910454153	0.0
302523.9721227171	4123835.907766773	0.0
302523.7113516951	4123835.431697084	0.0
302523.4433183044	4123834.955058113	0.0
302523.17462384613	4123834.4754741187	0.0
302522.9027461422	4123833.998925603	0.0
302522.62720674544	4123833.5176522965	0.0
302522.34755338694	4123833.0312947663	0.0
302522.0673565045	4123832.5532766636	0.0
302521.78165846656	4123832.0740927383	0.0
302521.49936101143	4123831.5885375836	0.0
302521.20380869706	4123831.105514709	0.0
302520.7692557714	4123830.373557541	0.0
302520.48697546485	4123829.876159687	0.0
302520.1986504341	4123829.3796441955	0.0
302519.9113474587	4123828.895132028	0.0
302519.62713600846	4123828.378535853	0.0
302519.3257645993	4123827.868264563	0.0
302519.05916543043	4123827.358285428	0.0
302518.7739276666	4123826.848374729	0.0
302518.48829843965	4123826.33440245	0.0
302518.20346052235	4123825.8100495287	0.0
302517.90725940594	4123825.286889136	0.0
302517.46650835243	4123824.499011927	0.0
302517.01846868946	4123823.7031646185	0.0
302516.7126698386	4123823.1807851736	0.0
302516.4039658159	4123822.6418208173	0.0
302516.0869298261	4123822.119705765	0.0
302515.7761992538	4123821.5826394698	0.0
302515.4519182369	4123821.0606948906	0.0
302515.15847783006	4123820.5039780526	0.0
302514.85039557924	4123819.9725856055	0.0
302514.5431436361	4123819.419894455	0.0
302514.0912717136	4123818.5806539017	0.0
302513.79074702016	4123818.0183676495	0.0
302513.48846549436	4123817.463154121	0.0
302513.18713182904	4123816.8979263376	0.0
302512.88849854266	4123816.321717888	0.0
302512.5876648562	4123815.752592599	0.0
302512.1276558059	4123814.8881935994	0.0
302511.81511527253	4123814.318233543	0.0
302511.4966429607	4123813.741381676	0.0
302511.17745308357	4123813.165471884	0.0
302510.6872463481	4123812.306594367	0.0
302510.35146173055	4123811.735885977	0.0
302510.02005619224	4123811.162669096	0.0
302509.54001224507	4123810.308178436	0.0
302509.2184218475	4123809.7497185967	0.0
302508.9034458697	4123809.1957290526	0.0
302508.43233448756	4123808.3813662	0.0
302508.1256038021	4123807.844576101	0.0
302507.81573344645	4123807.318962059	0.0
302507.4985267973	4123806.7959261066	0.0
302507.19344868837	4123806.272789841	0.0
302506.8838655565	4123805.771963938	0.0
302506.5808053989	4123805.2654334814	0.0
302506.27059169515	4123804.76924834	0.0
302505.9679187181	4123804.279177026	0.0
302505.669581406	4123803.791039109	0.0
302505.3794240324	4123803.3047441444	0.0
302505.0890102361	4123802.8327030167	0.0
302504.81754790246	4123802.3424525186	0.0
302504.53657502553	4123801.862972864	0.0
302504.11807943427	4123801.1533980714	0.0
302503.8446603853	4123800.6868782863	0.0
302503.57724686	4123800.2178117367	0.0
302503.31365155324	4123799.7538363766	0.0
302503.0478950201	4123799.2986085783	0.0
302502.7991504989	4123798.8307681275	0.0
302502.5546069377	4123798.371710584	0.0
302502.31405112706	4123797.9123741835	0.0
302502.07692653744	4123797.460543548	0.0
302501.83453991683	4123797.005135997	0.0
302501.5942319692	4123796.5500496207	0.0
302501.3546112337	4123796.105309111	0.0
302501.1188129049	4123795.6532622557	0.0
302500.87691335543	4123795.2059848662	0.0
302500.52161354676	4123794.547843707	0.0
302500.1724672724	4123793.8997347737	0.0
302499.7137565867	4123793.0654667006	0.0
302499.3667457156	4123792.438956801	0.0
302499.03040684154	4123791.8321797387	0.0
302498.6890799572	4123791.227185374	0.0
302498.357585454	4123790.618814063	0.0
302498.0275478038	4123790.015774535	0.0
302497.5949600219	4123789.2166039255	0.0
302497.2687839492	4123788.6142137107	0.0
302496.9451084306	4123788.0175007945	0.0
302496.62334195623	4123787.420187864	0.0
302496.4089484612	4123786.8334648814	0.0
302495.98166191863	4123786.2603052617	0.0
302495.68055672303	4123785.704879539	0.0
302495.28330318944	4123784.9927699007	0.0
302494.9964537023	4123784.483637929	0.0
302494.80807505397	4123783.987542346	0.0
302494.4429464564	4123783.5124532515	0.0
302494.1794546173	4123783.0529165613	0.0
302493.8421237358	4123782.4605958415	0.0
302493.5177525338	4123781.9034971776	0.0
302493.2909864803	4123781.3685539756	0.0
302492.93475083774	4123780.860842396	0.0
302492.6699583209	4123780.383757898	0.0
302492.42387007934	4123779.9345438634	0.0
302492.14281687466	4123779.407697136	0.0
302491.8898049613	4123778.9283000664	0.0
302491.61649247265	4123778.4034916554	0.0
302491.40387708845	4123777.9344056733	0.0
302491.12623752886	4123777.479853489	0.0
302490.88368446287	4123777.017418732	0.0
302490.6227489669	4123776.534507404	0.0
302490.3453877156	4123776.013680054	0.0
302490.08682648593	4123775.524791714	0.0
302489.78722987015	4123774.989499626	0.0
302489.4768173488	4123774.415789448	0.0
302489.23180285504	4123773.9619243164	0.0
302488.992567815	4123773.5084783114	0.0
302488.6758449258	4123772.918078332	0.0
302488.4423457948	4123772.4632021217	0.0
302488.20859879116	4123772.010367147	0.0
302487.89953399927	4123771.4247829784	0.0
302487.58579866274	4123770.8418992255	0.0
302487.35253894003	4123770.261590644	0.0
302487.0393342262	4123769.8368726145	0.0
302486.72317214217	4123769.2514554816	0.0
302486.4742698523	4123768.8147052387	0.0
302486.2318079767	4123768.375027913	0.0
302485.9817790664	4123767.921835957	0.0
302485.72175657656	4123767.4588871947	0.0
302485.4686574276	4123767.007247785	0.0
302485.2124747256	4123766.5377324126	0.0
302485.038381106	4123766.0628429856	0.0
302484.68976784963	4123765.5930238618	0.0
302484.42705305235	4123765.1099695223	0.0
302484.16384243575	4123764.62470642	0.0
302483.8961006288	4123764.154352851	0.0
302483.6301764985	4123763.6795156477	0.0
302483.3500665592	4123763.192799849	0.0
302483.0763623177	4123762.7079687295	0.0
302482.8022233704	4123762.236100388	0.0
302482.4297959885	4123761.60463803	0.0
302482.15298674157	4123761.1261712327	0.0
302481.86321379826	4123760.6437536483	0.0
302481.58049010544	4123760.159134802	0.0
302481.2939308919	4123759.6812675213	0.0
302481.0043013601	4123759.198661552	0.0
302480.81590871024	4123758.54497882	0.0
302480.34585312917	4123758.0556427226	0.0
302480.0631943516	4123757.5612154636	0.0
302479.7821402125	4123757.065825273	0.0
302479.5037954394	4123756.578697971	0.0
302479.22252820566	4123756.086828498	0.0
302478.9404042589	4123755.5962744486	0.0
302478.66599062097	4123755.1064641573	0.0
302478.3897939621	4123754.616325758	0.0
302478.1184635099	4123754.12551775	0.0
302477.75881597213	4123753.465074206	0.0
302477.66838113824	4123752.9731879258	0.0
302477.2154806894	4123752.473667174	0.0
302476.9401665621	4123751.9770317734	0.0
302476.6605687897	4123751.47439098	0.0
302476.3794097317	4123750.968271243	0.0
302476.0954979202	4123750.464621759	0.0
302475.81148163794	4123749.956533871	0.0
302475.5272391334	4123749.44512066	0.0
302475.244044655	4123748.9342379044	0.0
302474.95487492136	4123748.4209052525	0.0
302474.6668488475	4123747.9058803692	0.0
302474.37495243765	4123747.3961275867	0.0
302474.185336966	4123746.707279839	0.0
302473.80517966644	4123746.362599445	0.0
302473.5232634896	4123745.84946622	0.0
302473.2452698047	4123745.3332801186	0.0
302472.9748341285	4123744.811365084	0.0
302472.70319369785	4123744.28226199	0.0
302472.4343626325	4123743.7593840286	0.0
302472.1697280186	4123743.232521561	0.0
302471.8112921023	4123742.5230150796	0.0
302471.54745752533	4123741.992433078	0.0
302471.2682110163	4123741.4670246923	0.0
302471.0905237925	4123740.932914513	0.0
302470.72372510144	4123740.407921772	0.0
302470.44840527105	4123739.873354227	0.0
302470.16983253637	4123739.338863237	0.0
302469.8889897892	4123738.80849647	0.0
302469.60767286737	4123738.2705543777	0.0
302469.3273736147	4123737.7381394375	0.0
302469.0398205965	4123737.2055251263	0.0
302468.75389833236	4123736.673057484	0.0
302468.3633550091	4123735.9633814874	0.0
302468.0716399995	4123735.4236487243	0.0
302467.7757849357	4123734.884013394	0.0
302467.4798254977	4123734.346230892	0.0
302467.1830222905	4123733.804027381	0.0
302466.8783391762	4123733.266450181	0.0
302466.5715207356	4123732.7261476945	0.0
302466.26493715536	4123732.189540417	0.0
302465.9689383706	4123731.6500935582	0.0
302465.6645769384	4123731.1136190426	0.0
302465.36066752777	4123730.5649215006	0.0
302465.05326182535	4123730.0248179142	0.0
302464.7384803868	4123729.4730455787	0.0
302464.42767801613	4123728.920624506	0.0
302464.11963300616	4123728.3847918296	0.0
302463.79577119695	4123727.8306426993	0.0
302463.48303806945	4123727.29047949	0.0
302463.28024042805	4123726.566904786	0.0
302462.87627556175	4123726.2002761047	0.0
302462.5736618286	4123725.6563590984	0.0
302462.1756242188	4123724.92373015	0.0
302461.7794090372	4123724.21196744	0.0
302461.37642235437	4123723.476494405	0.0
302461.0717692217	4123722.952794399	0.0
302460.88116090756	4123722.4224094655	0.0
302460.47995763033	4123721.888144409	0.0
302460.17783538334	4123721.365125015	0.0
302459.8774568228	4123720.834478107	0.0
302459.5731123944	4123720.3176172264	0.0
302459.26956379926	4123719.8031430985	0.0
302458.96110505506	4123719.268615566	0.0
302458.65320746356	4123718.7453620564	0.0
302458.3633919237	4123718.2172421594	0.0
302458.0596646409	4123717.6888945457	0.0
302457.757759378	4123717.1562482277	0.0
302457.5583054372	4123716.623835567	0.0
302457.1507175154	4123716.0856656046	0.0
302456.8463767823	4123715.550116046	0.0
302456.53787422547	4123715.0137392557	0.0
302456.23331157607	4123714.4750493187	0.0
302455.92691388703	4123713.946394538	0.0
302455.62429965846	4123713.421351457	0.0
302455.3169711162	4123712.8845770005	0.0
302455.0108776259	4123712.349993927	0.0
302454.6982652866	4123711.8150091623	0.0
302454.3851224066	4123711.2826274014	0.0
302454.077819829	4123710.7469625897	0.0
302453.85968335683	4123710.2212657947	0.0
302453.44729821826	4123709.684519238	0.0
302453.1446528906	4123709.1393079986	0.0
302452.8305529228	4123708.597696991	0.0
302452.52825969865	4123708.0485917195	0.0
302452.2187910193	4123707.5026159035	0.0
302451.8108324296	4123706.7822481967	0.0
302451.5013157887	4123706.23423813	0.0
302451.19554355665	4123705.6944665904	0.0
302450.80052715936	4123704.995998709	0.0
302450.4914629066	4123704.460930574	0.0
302450.1915134898	4123703.9171362664	0.0
302449.87887892034	4123703.3875182285	0.0
302449.57511604653	4123702.8702738844	0.0
302449.2718228243	4123702.354128716	0.0
