302447.7188730738	4123689.5041881017	0.0
302448.06293374347	4123690.099309527	0.0
302448.42299837345	4123690.7206995655	0.0
302448.8580080271	4123691.477807887	0.0
302449.36146959325	4123692.352468705	0.0
302449.93231321033	4123693.3432269227	0.0
302450.55306048767	4123694.4177424437	0.0
302451.2211846295	4123695.5692283963	0.0
302451.92204291746	4123696.7789706397	0.0
302452.63346447167	4123698.0038223583	0.0
302453.34272018314	4123699.230945533	0.0
302454.0591035889	4123700.471778745	0.0
302454.757082958	4123701.7226670044	0.0
302455.41438849736	4123702.999122333	0.0
302456.0303291413	4123704.3220700934	0.0
302456.6274614797	4123705.663038962	0.0
302457.2591014077	4123707.0181837413	0.0
302457.91306338494	4123708.372618215	0.0
302457.91306338494	4123709.591908147	0.0
302458.51487666543	4123709.591908147	0.0
302459.01848612115	4123710.579808208	0.0
302459.4158077161	4123711.3511264976	0.0
302459.71086022886	4123711.9320435943	0.0
302460.0141492401	4123712.5109165073	0.0
302460.25748841907	4123712.975182417	0.0
302460.7516335925	4123713.9066841556	0.0
302461.08138101746	4123714.5223118085	0.0
302461.437365321	4123715.184136246	0.0
302461.8197170462	4123715.897705492	0.0
302462.22832249105	4123716.6267550993	0.0
302462.22832249105	4123717.37422157	0.0
302463.0761976622	4123718.1620330606	0.0
302463.76929175726	4123719.218008573	0.0
302464.8870196304	4123720.709744117	0.0
302466.1473229324	4123722.5519141923	0.0
302467.45908692083	4123724.531465684	0.0
302468.71647883736	4123726.576874503	0.0
302468.71647883736	4123728.569401546	0.0
302469.90146677266	4123728.569401546	0.0
302470.99761175696	4123730.464284746	0.0
302472.05056347966	4123732.3028231994	0.0
302473.06306631764	4123734.1010504714	0.0
302474.06943250285	4123735.8899853933	0.0
302475.06814855116	4123737.6618920495	0.0
302476.0484728866	4123739.406661166	0.0
302477.02278660005	4123741.134918537	0.0
302477.99954378954	4123742.853866689	0.0
302478.9726432335	4123744.5682750936	0.0
302479.9384925456	4123746.257504212	0.0
302480.83322455845	4123747.8290584115	0.0
302481.6296803816	4123749.2164085433	0.0
302482.320524095	4123750.441006381	0.0
302482.92812103435	4123751.4788260246	0.0
302483.53135618195	4123752.526185191	0.0
302484.3945270027	4123754.0265032095	0.0
302485.70061520394	4123756.2556195883	0.0
302487.2286547896	4123758.832377934	0.0
302488.6800794814	4123761.2590244054	0.0
302490.01860792673	4123763.540298419	0.0
302491.163724476	4123765.7563647833	0.0
302492.1426265869	4123767.925087124	0.0
302493.11912149057	4123769.9600849287	0.0
302494.0837458468	4123771.823833456	0.0
302494.9944612427	4123773.5719075366	0.0
302495.95586216694	4123775.418153628	0.0
302496.9992115613	4123777.3583204704	0.0
302500.3827527622	4123780.5412707664	0.0
302502.2736487638	4123781.972445753	0.0
302502.2736487638	4123783.0733007323	0.0
302504.1501150852	4123783.0733007323	0.0
302505.9506163532	4123783.762387232	0.0
302507.58800117427	4123784.1396398908	0.0
302508.8005566691	4123784.3870005654	0.0
302510.1664040928	4123784.572653458	0.0
302511.7318968589	4123784.359112081	0.0
302513.5250477354	4123783.5788147585	0.0
302515.4738061506	4123782.5019444507	0.0
302517.51036628115	4123781.4533549184	0.0
302519.3511036864	4123780.4256560695	0.0
302521.1866445744	4123779.3782810243	0.0
302523.10517191974	4123778.24883338	0.0
302525.110847623	4123777.044431706	0.0
302527.18915184995	4123775.814452265	0.0
302529.44780059776	4123774.7734086537	0.0
302531.73059365083	4123773.6896094317	0.0
302533.9506595664	4123772.442234134	0.0
302536.1388973604	4123771.1561954683	0.0
302538.3360377912	4123769.883825715	0.0
302540.61614934483	4123768.717380942	0.0
302542.93299117114	4123767.5778282513	0.0
302545.23127261054	4123766.366178626	0.0
302547.63903645694	4123764.8781007035	0.0
302550.2350834224	4123763.2812342136	0.0
302553.0487781289	4123761.8239474115	0.0
302555.70794526	4123760.319226367	0.0
302558.18080445804	4123758.8122271462	0.0
302560.55359159433	4123757.3653138224	0.0
302562.9127032099	4123756.003654511	0.0
302565.3160254775	4123754.7479069894	0.0
302567.7030845466	4123753.5743287285	0.0
302570.0544677756	4123752.5318557736	0.0
302572.47025578516	4123751.334288685	0.0
302574.81803406536	4123750.0567209157	0.0
302577.14535217185	4123748.7772295824	0.0
302579.52120319346	4123747.554698875	0.0
302582.043351857	4123746.551696799	0.0
302584.6203649909	4123745.579231433	0.0
302587.23583510506	4123744.769989569	0.0
302589.86336949	4123744.1214463087	0.0
302589.86336949	4123743.589368969	0.0
302592.5190887172	4123743.589368969	0.0
302595.17953984195	4123743.1578408885	0.0
302597.8390781586	4123742.8762144325	0.0
302600.5451094163	4123742.8982500574	0.0
302603.2588075433	4123743.0450056684	0.0
302605.96588674624	4123743.2500191494	0.0
302608.6548532181	4123743.3956927415	0.0
302611.33322595863	4123743.6948262337	0.0
302613.9830356906	4123744.358413281	0.0
302616.6185374822	4123745.1370599917	0.0
302619.19715264614	4123746.031952576	0.0
302621.7110577465	4123747.0123738996	0.0
302624.13222057605	4123748.163359513	0.0
302626.4840763628	4123749.518960053	0.0
302628.761145655	4123751.0348956175	0.0
302630.9948656985	4123752.6073618447	0.0
302633.1547907388	4123754.306833175	0.0
302635.1681705061	4123756.178873627	0.0
302637.1489032987	4123758.078142269	0.0
302639.0811510204	4123760.004271319	0.0
302640.9653138224	4123761.942818517	0.0
302642.7565777355	4123763.963485869	0.0
302644.3024059787	4123766.204195859	0.0
302645.78814678936	4123768.487951933	0.0
302647.1825806912	4123770.8019804223	0.0
302648.3581198726	4123773.2442044974	0.0
302649.52965316095	4123775.7048414582	0.0
302650.7195245833	4123778.1274850825	0.0
302651.81244474056	4123780.5668410207	0.0
302652.8640556753	4123783.0236364785	0.0
302653.88903436274	4123785.499191704	0.0
302654.7363754588	4123788.0455363085	0.0
302655.5329488985	4123790.6348926853	0.0
302656.2295925247	4123793.2463973304	0.0
302656.877447388	4123795.8781077573	0.0
302657.2494406001	4123798.5745900706	0.0
302657.58277333865	4123801.3130593197	0.0
302658.12486630515	4123804.002026952	0.0
302658.6448417102	4123806.6374840476	0.0
302659.078012188	4123809.274426821	0.0
302659.2828486488	4123811.977799605	0.0
302659.4327650997	4123814.6985616977	0.0
302659.5373853501	4123817.4244594974	0.0
302659.61498707964	4123820.152657832	0.0
302659.6670619458	4123822.8773855143	0.0
302659.70819135883	4123825.5644381302	0.0
302659.7272207538	4123828.242758519	0.0
302659.73908359755	4123830.9119956	0.0
302659.74291884596	4123833.5732798306	0.0
302659.79419420054	4123836.219941124	0.0
302659.8922835045	4123838.831640228	0.0
302660.01438609324	4123841.4894038904	0.0
302660.0994201695	4123844.1939279954	0.0
302660.1593666406	4123846.901077317	0.0
302660.19012908486	4123849.606507294	0.0
302660.20533638104	4123852.298425276	0.0
302660.1807576425	4123854.978141075	0.0
302660.07084461825	4123857.671520372	0.0
302659.9316171583	4123860.382797233	0.0
302659.76258389815	4123863.109947814	0.0
302659.57138120383	4123865.8442809246	0.0
302659.4260181484	4123868.5840126267	0.0
302659.3673506618	4123871.305052865	0.0
302659.41058599553	4123874.006118927	0.0
302659.4847580454	4123876.6701905895	0.0
302659.54746815783	4123881.9866545484	0.0
302659.5541532424	4123884.649537337	0.0
302659.5481184196	4123887.3376990655	0.0
302659.5363738026	4123890.04098297	0.0
302659.5177931398	4123892.749238548	0.0
302659.5051315678	4123895.3505891277	0.0
302659.6308456398	4123897.7277533123	0.0
302659.8369674762	4123899.8880150975	0.0
302660.2362277464	4123901.7685874044	0.0
302661.17807357	4123903.0117213996	0.0
302662.23429249134	4123903.4879673366	0.0
302663.77532018395	4123903.455438441	0.0
302666.0874221771	4123902.643913545	0.0
302668.36899807054	4123900.8044911656	0.0
302670.4058218205	4123898.4525372116	0.0
302671.6140727333	4123895.44061006	0.0
302671.8625705807	4123892.122806734	0.0
302671.3545129166	4123888.804655682	0.0
302670.92516522325	4123885.6126992563	0.0
302670.61196110584	4123882.5282939547	0.0
302670.1002171906	4123879.588258401	0.0
302669.666148446	4123876.7618593364	0.0
302669.3991175901	4123873.766296138	0.0
302669.15570994734	4123870.5485043293	0.0
302669.1127721983	4123867.325074498	0.0
302669.1834431094	4123864.2397863357	0.0
302669.2950215816	4123861.271034427	0.0
302669.41269232146	4123858.3726380737	0.0
302669.50154416147	4123855.5258041704	0.0
302669.536137301	4123852.718178249	0.0
302669.49120165256	4123849.9131621164	0.0
302669.3997350179	4123847.111090246	0.0
302669.34146647796	4123844.286403677	0.0
302669.35422531184	4123841.4498703666	0.0
302669.3883407201	4123838.609319316	0.0
302669.4399902841	4123835.7531831153	0.0
302669.4245047985	4123832.885672663	0.0
302669.4245047985	4123830.0273636524	0.0
302669.3437193669	4123827.1964165727	0.0
302669.3635324268	4123824.3452846934	0.0
302669.38370667055	4123821.4717549733	0.0
302669.40716862597	4123818.599628265	0.0
302669.4168758367	4123815.708766211	0.0
302669.4324363633	4123812.84034097	0.0
302669.4913231365	4123809.9836646966	0.0
302669.5868479635	4123807.1248318832	0.0
302669.5723763886	4123804.2878286894	0.0
302669.3988721835	4123801.4697370846	0.0
302669.1425767421	4123798.698000449	0.0
302669.02378328715	4123795.9417200014	0.0
302668.978661603	4123793.172790522	0.0
302669.0463546788	4123790.382335273	0.0
302669.2057581687	4123787.585098173	0.0
302669.2910598924	4123784.7381630763	0.0
302669.2910598924	4123781.867052191	0.0
302669.31252425205	4123779.024669437	0.0
302669.31022153416	4123776.126318395	0.0
302669.1897511907	4123773.1728289938	0.0
302669.1897511907	4123770.2058186634	0.0
302669.10920231475	4123767.2178927273	0.0
302669.0873211941	4123764.2091287244	0.0
302669.03626164136	4123761.187579693	0.0
302668.97678715887	4123758.191948511	0.0
302668.8981779336	4123755.244506472	0.0
302668.8123015212	4123752.3655135944	0.0
302669.04872725904	4123749.584784632	0.0
302669.33622879395	4123746.8685428123	0.0
302669.5284746977	4123744.2851757645	0.0
302669.52042530105	4123741.8219797905	0.0
302669.41936821584	4123739.505483422	0.0
302669.2637985351	4123737.33071092	0.0
302669.0478192996	4123735.2985410523	0.0
302668.8100826148	4123733.3477434274	0.0
302668.54442667076	4123731.423877258	0.0
302668.54442667076	4123729.500208413	0.0
302667.84999700636	4123727.5849755025	0.0
302667.44557196146	4123725.661040909	0.0
302667.0106925039	4123723.725424842	0.0
302666.54221016646	4123721.7700597327	0.0
302666.00085986167	4123719.8112266297	0.0
302665.4188353823	4123717.852794625	0.0
302664.80499509134	4123715.9002916	0.0
302664.1742989175	4123713.923019957	0.0
302663.5204452985	4123711.948698216	0.0
302662.86581717146	4123709.998079336	0.0
302662.2032522651	4123708.049682473	0.0
302661.5133246882	4123706.0952676125	0.0
302661.5133246882	4123704.1545733116	0.0
302660.79072879744	4123704.1545733116	0.0
302660.00971108314	4123702.239677248	0.0
302659.19308103865	4123700.313961176	0.0
302658.2968115126	4123698.4051053333	0.0
302657.30987379584	4123696.541124429	0.0
302656.2743991321	4123694.6577456803	0.0
302655.1919575577	4123692.7273618183	0.0
302654.07427721785	4123690.827227249	0.0
302652.9150827952	4123688.961005204	0.0
302652.9150827952	4123687.115504224	0.0
302651.7324087218	4123687.115504224	0.0
302650.503428299	4123685.282564276	0.0
302649.2406399777	4123683.446348508	0.0
302647.9125060915	4123681.662369068	0.0
302646.47067258647	4123679.9189953143	0.0
302646.47067258647	4123678.2291580625	0.0
302644.986898588	4123678.2291580625	0.0
302643.58799878706	4123676.625587807	0.0
302642.3385831548	4123675.1065804474	0.0
302641.20289592724	4123673.711834148	0.0
302640.1947749199	4123672.4698891626	0.0
302639.31170659105	4123671.3933869996	0.0
302638.54735919496	4123670.4835867044	0.0
302637.844259582	4123669.661903929	0.0
302637.844259582	4123668.885380521	0.0
302637.14858303184	4123668.885380521	0.0
302636.4214950496	4123668.1131113744	0.0
302636.4214950496	4123667.3244534344	0.0
302635.6595514674	4123667.3244534344	0.0
302634.82658345986	4123666.5037888815	0.0
302633.9266788211	4123665.6613836456	0.0
302632.9578630893	4123664.8202286474	0.0
302631.9494297306	4123663.9677928523	0.0
302630.89127214917	4123663.102093464	0.0
302629.8178500582	4123662.2478552656	0.0
302628.728680726	4123661.409715514	0.0
302627.61710619315	4123660.5750632677	0.0
302626.46753170947	4123659.735013403	0.0
302625.31759161537	4123658.9234678354	0.0
302624.1450506003	4123658.119670234	0.0
302622.981872368	4123657.2925231215	0.0
302621.88560878637	4123656.4673184752	0.0
302620.7735546954	4123655.561994537	0.0
302619.6365468177	4123654.7342324997	0.0
302618.5244528909	4123653.940486543	0.0
302617.37017537927	4123653.1773383855	0.0
302616.2148278849	4123652.3938615606	0.0
302615.01269578363	4123651.6340593724	0.0
302613.84977217345	4123650.8996105255	0.0
302612.64473890065	4123650.205194619	0.0
302611.4007010762	4123649.494117604	0.0
302610.1517749609	4123648.8079505456	0.0
302608.84211758827	4123648.20666302	0.0
302607.4614267141	4123647.642202882	0.0
302606.00290515425	4123647.14007995	0.0
302604.6136337283	4123646.531598391	0.0
302603.357091842	4123645.7858446958	0.0
302602.2468912304	4123644.852538963	0.0
302601.2641189343	4123643.8647967875	0.0
302600.18769932864	4123642.990278559	0.0
302600.18769932864	4123642.226473042	0.0
302599.0300004162	4123642.226473042	0.0
302597.78531224455	4123641.588502468	0.0
302596.47555711993	4123641.002021936	0.0
302595.14889799623	4123640.4013212575	0.0
302593.8446306585	4123639.7965785195	0.0
302592.5405762112	4123639.1883152793	0.0
302591.26017470896	4123638.579310957	0.0
302589.98964040924	4123637.936953304	0.0
302588.74635118793	4123637.3082028977	0.0
302587.4711849963	4123636.657627904	0.0
302586.2077516819	4123636.008997599	0.0
302584.9242309751	4123635.330308908	0.0
302583.6458807365	4123634.6261488516	0.0
302582.37767173804	4123633.9443248906	0.0
302581.07692466886	4123633.2251488795	0.0
302579.77550764487	4123632.5026581623	0.0
302578.4850972149	4123631.7763930922	0.0
302577.1636317823	4123631.0758384466	0.0
302575.8343990173	4123630.32809741	0.0
302574.5212870578	4123629.5864536986	0.0
302573.21175832575	4123628.858788654	0.0
302571.8829684979	4123628.1362027023	0.0
302570.54979907983	4123627.3846692713	0.0
302569.1990776004	4123626.6291079763	0.0
302567.8763230762	4123625.8738143025	0.0
302566.5765389333	4123625.170530849	0.0
302565.28373863694	4123624.4371074643	0.0
302563.98785488034	4123623.723555659	0.0
302562.69260602293	4123623.05587808	0.0
302561.4022756079	4123622.4212064845	0.0
302560.1232910639	4123621.7908941233	0.0
302558.8698731721	4123621.197172882	0.0
302557.5701055754	4123620.6330375555	0.0
302556.29926174623	4123620.065816646	0.0
302554.9511043546	4123619.469698381	0.0
302553.6670483429	4123618.8816944812	0.0
302552.405557818	4123618.234133455	0.0
302551.1626446513	4123617.4832555205	0.0
302549.9753652328	4123616.6572397365	0.0
302548.78229313274	4123615.861706294	0.0
302547.5807057596	4123615.0563813453	0.0
302546.3498334079	4123614.282831469	0.0
302545.1271152609	4123613.572927448	0.0
302543.8831661525	4123612.8912784182	0.0
302543.8831661525	4123612.278279369	0.0
302542.60769269685	4123612.278279369	0.0
302541.34897527203	4123611.698377915	0.0
302540.08830525214	4123611.14868347	0.0
302538.8666306461	4123610.5586592196	0.0
302537.6865038981	4123609.8858718113	0.0
302536.4366304059	4123609.191410634	0.0
302535.20767871384	4123608.4744381784	0.0
302533.94853737915	4123607.76964829	0.0
302532.6598149919	4123607.0463106544	0.0
302531.3719191288	4123606.383275566	0.0
302530.04956293653	4123605.7143899924	0.0
302528.72005734674	4123605.0811997484	0.0
302527.38769902335	4123604.483973837	0.0
302526.0406806079	4123603.88616781	0.0
302523.40509352053	4123602.4395674975	0.0
302522.1066233575	4123601.6855596313	0.0
302520.80791871133	4123600.997060297	0.0
302519.49672463036	4123600.3750979346	0.0
302518.21713353763	4123599.782183141	0.0
302516.95597727015	4123599.224546843	0.0
302515.68988966185	4123598.7088449253	0.0
302514.41736179905	4123598.2464001006	0.0
302513.14686056913	4123597.807222348	0.0
302511.8397903363	4123597.4109083195	0.0
302510.52151331346	4123597.0413183183	0.0
302509.18354934175	4123596.702722654	0.0
302507.823549938	4123596.383334264	0.0
302506.453935156	4123596.0639872663	0.0
302505.0787319618	4123595.7397759827	0.0
302503.6878295731	4123595.4336977475	0.0
302502.27257842786	4123595.1679753787	0.0
302500.83896256203	4123594.945428686	0.0
302499.38439499005	4123594.81330279	0.0
302497.91332866886	4123594.7470681537	0.0
302496.4333041273	4123594.715091209	0.0
302494.96371266915	4123594.705258448	0.0
302493.50246685697	4123594.716878831	0.0
302492.06924935494	4123594.7376469397	0.0
302490.66813965444	4123594.790041202	0.0
302489.2611514853	4123594.9321315708	0.0
302487.85407689033	4123595.114562118	0.0
302486.4495209758	4123595.3474485483	0.0
302485.05311090674	4123595.612154834	0.0
302483.6730661993	4123595.9247707664	0.0
302482.2937614819	4123596.2814081567	0.0
302480.915035599	4123596.6626419886	0.0
302479.5275296017	4123597.047968408	0.0
302478.14269825595	4123597.43378724	0.0
302476.75724503037	4123597.8120344523	0.0
302475.398602649	4123598.20426891	0.0
302474.07839206065	4123598.6705389884	0.0
302472.80666750413	4123599.191734389	0.0
302471.56591576466	4123599.7340354742	0.0
302470.3311135811	4123600.290259511	0.0
302469.0851092866	4123600.8671013317	0.0
302469.0851092866	4123601.4745612857	0.0
302467.8275464424	4123601.4745612857	0.0
302466.57067114615	4123602.09865853	0.0
302465.32551623735	4123602.73043674	0.0
302465.32551623735	4123603.427149407	0.0
302464.1045246143	4123603.427149407	0.0
302462.9577740915	4123604.2547862954	0.0
302462.9577740915	4123605.2302063014	0.0
302461.91584156506	4123605.2302063014	0.0
302460.91247959365	4123606.2415410466	0.0
302459.85470032383	4123607.209932793	0.0
302458.7574688005	4123608.1803633007	0.0
302457.62830796384	4123609.120459235	0.0
302456.5129457993	4123610.0371010816	0.0
302455.423685344	4123610.943877039	0.0
302454.382162326	4123611.8611870524	0.0
302454.382162326	4123612.8159051626	0.0
302453.3786532302	4123612.8159051626	0.0
302452.42319077265	4123613.806870069	0.0
302451.48446738976	4123614.8113189065	0.0
302450.5507414472	4123615.8395199464	0.0
302449.6273879061	4123616.880984663	0.0
302448.7042786548	4123617.9516794914	0.0
302447.8398404127	4123619.070028335	0.0
302447.0328207766	4123620.2393913055	0.0
302446.2348864443	4123621.4301898116	0.0
302445.4709865385	4123622.6401713775	0.0
302444.72566129884	4123623.8850578386	0.0
302443.99941065605	4123625.1546604238	0.0
302443.29080800293	4123626.4386506695	0.0
302443.29080800293	4123627.6666761762	0.0
302442.6408048114	4123627.6666761762	0.0
302442.05915671744	4123628.9075258994	0.0
302441.5136874792	4123630.195818721	0.0
302440.99998801295	4123631.5642247973	0.0
302440.496326725	4123632.9819844197	0.0
302440.047505173	4123634.45433444	0.0
302439.63244834973	4123635.946984006	0.0
302439.2530087774	4123637.4569289284	0.0
302438.88652864494	4123638.9580572117	0.0
302438.5564392468	4123640.4464867483	0.0
302438.15958210395	4123641.901515804	0.0
302438.15958210395	4123643.3472713223	0.0
302437.2887811103	4123644.7985853264	0.0
302436.8884888707	4123646.2522150325	0.0
302436.5668524654	4123647.647187439	0.0
302436.2972139046	4123648.994862036	0.0
302436.2972139046	4123650.322664221	0.0
302435.90857081173	4123651.685185797	0.0
302435.82533211116	4123653.0954566523	0.0
302435.82533211116	4123654.5766830053	0.0
302435.91468460474	4123656.062262313	0.0
302436.1164541998	4123657.519671046	0.0
302436.1164541998	4123658.8895235127	0.0
302436.5459716853	4123660.1491061407	0.0
302436.5459716853	4123661.097143187	0.0
