302448.04228147864	4123688.7062866883	0.0
302448.31206248095	4123689.1688198205	0.0
302448.60039563966	4123689.64645941	0.0
302448.90245419624	4123690.160413195	0.0
302449.1997765453	4123690.655419704	0.0
302449.53107289656	4123691.2236412293	0.0
302449.8029454069	4123691.6807591254	0.0
302450.0717434457	4123692.1455358723	0.0
302450.35861099925	4123692.6300563486	0.0
302450.66026495106	4123693.145685034	0.0
302450.92421780864	4123693.5805999395	0.0
302451.18973249506	4123694.050449967	0.0
302451.48045741976	4123694.5417260416	0.0
302451.7235747544	4123695.0602858695	0.0
302452.03866224503	4123695.48578258	0.0
302452.3501532242	4123696.0170929427	0.0
302452.6534249114	4123696.544896017	0.0
302452.90837539034	4123697.075620282	0.0
302453.21961842116	4123697.5015321276	0.0
302453.47599978495	4123697.9353300254	0.0
302453.7342425776	4123698.3790760897	0.0
302453.9913719988	4123698.819517706	0.0
302454.25919518224	4123699.2680343054	0.0
302454.5872249497	4123699.8357777605	0.0
302454.84684233234	4123700.3065068116	0.0
302455.105964	4123700.7813183363	0.0
302455.42607515317	4123701.3834798923	0.0
302455.699856829	4123701.877745325	0.0
302455.96631965565	4123702.3816198534	0.0
302456.23493058555	4123702.8761920203	0.0
302456.5051159221	4123703.3810891774	0.0
302456.77128763014	4123703.9040293233	0.0
302457.0445302826	4123704.419401622	0.0
302457.3208781482	4123704.947283321	0.0
302457.6052757218	4123705.4840423795	0.0
302457.88729000825	4123706.013826147	0.0
302458.17486663035	4123706.5599472634	0.0
302458.4697359203	4123707.0953496946	0.0
302458.7601173158	4123707.6349285473	0.0
302458.9755666233	4123708.1560169756	0.0
302459.38858305174	4123708.792344291	0.0
302459.5957519179	4123709.2813447015	0.0
302459.9966734565	4123709.8823312204	0.0
302460.2589560625	4123710.3531827223	0.0
302460.5159459922	4123710.8128715656	0.0
302460.77466667467	4123711.2706693234	0.0
302461.02537666005	4123711.7149629095	0.0
302461.2765084361	4123712.1583213937	0.0
302461.583815065	4123712.7067538486	0.0
302461.88789467025	4123713.243790002	0.0
302462.2508366624	4123713.8869471047	0.0
302462.55201103434	4123714.413689607	0.0
302462.8513676615	4123714.9449157664	0.0
302463.1495326861	4123715.4757999023	0.0
302463.50853868946	4123716.108872675	0.0
302463.8076822824	4123716.6499108025	0.0
302464.10509516834	4123717.199131265	0.0
302464.40644796286	4123717.746038585	0.0
302464.69180604815	4123718.2985033235	0.0
302464.9728892761	4123718.851623775	0.0
302465.250084746	4123719.4092765935	0.0
302465.46446919587	4123719.862751743	0.0
302465.6872205994	4123720.313439493	0.0
302465.905871126	4123720.76588908	0.0
302466.1725075351	4123721.314908655	0.0
302466.44720667927	4123721.873360394	0.0
302466.7097899314	4123722.4198848535	0.0
302466.98154894053	4123722.9602722325	0.0
302467.1890790055	4123723.4861820545	0.0
302467.5108283574	4123724.001784293	0.0
302467.7732761573	4123724.5174108967	0.0
302468.0405424158	4123725.036624845	0.0
302468.30026768195	4123725.543433783	0.0
302468.62635252194	4123726.160628156	0.0
302468.89359257405	4123726.678732525	0.0
302469.1632504357	4123727.1927092066	0.0
302469.42899858387	4123727.6977111176	0.0
302469.6983865722	4123728.2002219087	0.0
302469.96431298053	4123728.7065148917	0.0
302470.2368191878	4123729.222089901	0.0
302470.5058461975	4123729.7281248993	0.0
302470.7725553224	4123730.2362498497	0.0
302471.0433347018	4123730.7350272066	0.0
302471.31750193215	4123731.245752213	0.0
302471.5903427627	4123731.7566934754	0.0
302471.92334590317	4123732.366138663	0.0
302472.1953560922	4123732.879504961	0.0
302472.4755898128	4123733.396563516	0.0
302472.75364915276	4123733.9155236105	0.0
302473.03391772276	4123734.4403528874	0.0
302473.3253453205	4123734.974171403	0.0
302473.6147898083	4123735.5054460834	0.0
302473.9084134436	4123736.0382877574	0.0
302474.2005410604	4123736.5704244995	0.0
302474.488063193	4123737.0954532027	0.0
302474.7802821269	4123737.6314735753	0.0
302475.07516681415	4123738.167616263	0.0
302475.37310871034	4123738.707942857	0.0
302475.6771910613	4123739.2514556204	0.0
302475.97665062663	4123739.793411845	0.0
302476.2234667961	4123740.229470789	0.0
302476.5215216959	4123740.7746057017	0.0
302476.76692451094	4123741.2134734616	0.0
302477.06883224787	4123741.752596565	0.0
302477.36604331795	4123742.293310486	0.0
302477.6714993661	4123742.81976764	0.0
302477.97365464474	4123743.3442670745	0.0
302478.27452258475	4123743.8643559376	0.0
302478.5782519068	4123744.3803066798	0.0
302478.8788720311	4123744.908728027	0.0
302479.3006512857	4123745.6256259987	0.0
302479.6589458218	4123746.2411376205	0.0
302479.89449786535	4123746.746651549	0.0
302480.19440436724	4123747.155569999	0.0
302480.49440202117	4123747.657545845	0.0
302480.79547816096	4123748.1613466856	0.0
302481.09096179163	4123748.666389347	0.0
302481.3853712232	4123749.169791967	0.0
302481.6894611718	4123749.688509862	0.0
302481.93907708826	4123750.214370606	0.0
302482.3103700447	4123750.745074974	0.0
302482.63206391013	4123751.2826224472	0.0
302482.94480351696	4123751.8105737045	0.0
302483.2033345616	4123752.247837451	0.0
302483.47264630557	4123752.6968748956	0.0
302483.73095120926	4123753.1371045597	0.0
302484.1197826518	4123753.792975863	0.0
302484.3825709845	4123754.2288442124	0.0
302484.6442853144	4123754.6756549845	0.0
302484.9648133486	4123755.207678873	0.0
302485.27887904405	4123755.735413961	0.0
302485.5836466271	4123756.2326518116	0.0
302485.88239998685	4123756.73835782	0.0
302486.18404944194	4123757.235113949	0.0
302486.4822634284	4123757.736761869	0.0
302486.77812462614	4123758.2327290303	0.0
302487.01727682294	4123758.7379707308	0.0
302487.3104723636	4123759.147049943	0.0
302487.6110737886	4123759.655858136	0.0
302487.8930669226	4123760.1660293685	0.0
302488.17892171827	4123760.6768498896	0.0
302488.46388081793	4123761.199903892	0.0
302488.7422688043	4123761.714045738	0.0
302489.07969685865	4123762.335599762	0.0
302489.35594515037	4123762.8468313897	0.0
302489.6401474209	4123763.369163087	0.0
302489.9217142473	4123763.8863757863	0.0
302490.204724891	4123764.408365464	0.0
302490.48853135796	4123764.932741899	0.0
302490.7113712353	4123765.460502816	0.0
302490.9944906626	4123765.882470738	0.0
302491.3351061732	4123766.5137567627	0.0
302491.6211783183	4123767.046406552	0.0
302491.903780185	4123767.5824686554	0.0
302492.1786890954	4123768.118526742	0.0
302492.45983407897	4123768.655548322	0.0
302492.7416835058	4123769.191073044	0.0
302493.01898866904	4123769.740952496	0.0
302493.2684002275	4123770.2370875883	0.0
302493.5328411386	4123770.7432310916	0.0
302493.8101721384	4123771.281637703	0.0
302494.10109751415	4123771.838228091	0.0
302494.40956145176	4123772.404582817	0.0
302494.7172079162	4123772.9802086046	0.0
302495.0299512778	4123773.571257526	0.0
302495.2765569854	4123774.0173138417	0.0
302495.6032076229	4123774.6146968645	0.0
302495.8527575346	4123775.0727112796	0.0
302496.1080130129	4123775.534292183	0.0
302496.3690218311	4123775.9951826124	0.0
302496.6181236573	4123776.446731318	0.0
302496.88439444173	4123776.9111986803	0.0
302497.1406196323	4123777.3762724833	0.0
302497.3921477492	4123777.811480923	0.0
302497.7230072899	4123778.3802693877	0.0
302498.0404638539	4123778.9390111854	0.0
302498.3322452322	4123779.481703827	0.0
302498.61544652295	4123780.0244133165	0.0
302498.88028332137	4123780.585133357	0.0
302499.1236157425	4123781.156166298	0.0
302499.35711151286	4123781.742973738	0.0
302499.5780569967	4123782.3433990884	0.0
302499.7857866243	4123782.9417299195	0.0
302499.97415576834	4123783.5471775876	0.0
302500.1328185507	4123784.1412968426	0.0
302500.2686194827	4123784.6943208333	0.0
302500.36545079073	4123785.200707387	0.0
302500.47249819525	4123785.7766122664	0.0
302500.5250465013	4123786.2934775865	0.0
302500.547911164	4123786.869142723	0.0
302500.55984730937	4123787.4330376294	0.0
302500.5601287116	4123787.9857345037	0.0
302500.5699769531	4123788.5111909825	0.0
302500.5570724971	4123789.0253404723	0.0
302500.53378837573	4123789.595060044	0.0
302500.4706780788	4123790.125748818	0.0
302500.3926607121	4123790.6830634954	0.0
302500.27121281833	4123791.2556478283	0.0
302500.11025222775	4123791.815099081	0.0
302499.919655057	4123792.372472101	0.0
302499.70308274415	4123792.913617982	0.0
302499.3591220296	4123793.6868361225	0.0
302499.1125690148	4123794.1798378397	0.0
302498.87249944895	4123794.6340144267	0.0
302498.5337536621	4123795.1384371636	0.0
302498.1827433034	4123795.555441269	0.0
302497.76512779365	4123795.9647607184	0.0
302497.3698243915	4123796.28492281	0.0
302496.94435348	4123796.5741535206	0.0
302496.49329035217	4123796.863431306	0.0
302496.0435838053	4123797.1349137104	0.0
302495.6042054917	4123797.405227946	0.0
302495.115900265	4123797.7149959384	0.0
302494.6312786999	4123798.0429958845	0.0
302494.11841692816	4123798.396825276	0.0
302493.6920416867	4123798.685337299	0.0
302493.27862128476	4123798.971139054	0.0
302492.73336607195	4123799.331466864	0.0
302492.0906963817	4123799.7767980783	0.0
302491.5842531087	4123800.1016109455	0.0
302491.08965978515	4123800.4019052587	0.0
302490.60297649715	4123800.679994159	0.0
302490.0155602599	4123801.0152240773	0.0
302489.5625836048	4123801.2671699505	0.0
302489.1228661948	4123801.516768462	0.0
302488.3036128405	4123801.9769871063	0.0
302487.8220349859	4123802.2457042295	0.0
302487.36176146014	4123802.508183964	0.0
302486.9175083956	4123802.7536334875	0.0
302486.4200970263	4123803.0284593916	0.0
302485.96018882433	4123803.2875999566	0.0
302485.5110349157	4123803.538530933	0.0
302485.03278395726	4123803.804024328	0.0
302484.5195000371	4123804.0895858775	0.0
302484.0754863754	4123804.3389156936	0.0
302483.57141283836	4123804.607237234	0.0
302483.1088999631	4123804.8688447294	0.0
302482.65893730754	4123805.1168343183	0.0
302482.2009513632	4123805.369638636	0.0
302481.7204826614	4123805.6288931826	0.0
302481.23275616555	4123805.9003459057	0.0
302480.74240299757	4123806.1670495206	0.0
302480.23962131585	4123806.4399667867	0.0
302479.7310298486	4123806.7174616675	0.0
302479.21972912824	4123806.992984935	0.0
302478.69319508027	4123807.281264129	0.0
302478.24723340047	4123807.523238661	0.0
302477.79118279694	4123807.7702615685	0.0
302477.3334014607	4123808.0191755933	0.0
302476.86238715507	4123808.277837891	0.0
302476.377726675	4123808.541262204	0.0
302475.79999585205	4123808.8605371867	0.0
302475.29873656237	4123809.135269309	0.0
302474.7898453439	4123809.412586528	0.0
302474.1816695923	4123809.7520068716	0.0
302473.66988691513	4123810.05104146	0.0
302473.162153183	4123810.3649687483	0.0
302472.6713928282	4123810.696075108	0.0
302472.18022386427	4123811.0349626415	0.0
302471.7035710858	4123811.3809100664	0.0
302471.13125222235	4123811.8044185527	0.0
302470.6697899994	4123812.1735081933	0.0
302470.3044158387	4123812.546876225	0.0
302469.7928232133	4123812.9283695603	0.0
302469.3881952865	4123813.3425659644	0.0
302469.0187965927	4123813.770181163	0.0
302468.6791825576	4123814.2124534925	0.0
302468.3315551811	4123814.7291139998	0.0
302468.0301150384	4123815.215636909	0.0
302467.73273333197	4123815.7614610023	0.0
302467.46844156657	4123816.336667345	0.0
302467.2322602734	4123816.9308260405	0.0
302467.0310688403	4123817.528232139	0.0
302466.85411314573	4123818.1433865116	0.0
302466.69868345076	4123818.74915258	0.0
302466.5822657292	4123819.3342017015	0.0
302466.484456155	4123819.9178877394	0.0
302466.40366502374	4123820.608679428	0.0
302466.3590657454	4123821.158916954	0.0
302466.33269217977	4123821.7229733793	0.0
302466.3253748863	4123822.2984236865	0.0
302466.33640526596	4123822.899162279	0.0
302466.375376338	4123823.511640784	0.0
302466.4759235446	4123824.2764354656	0.0
302466.6072438761	4123824.89044146	0.0
302466.76727439463	4123825.5048820456	0.0
302466.9443256391	4123826.113370996	0.0
302467.1471561624	4123826.729764965	0.0
302467.3666464117	4123827.3374402514	0.0
302467.602987874	4123827.9445339506	0.0
302467.8466480151	4123828.5420185705	0.0
302468.0879250181	4123829.1388191334	0.0
302468.33118493564	4123829.7318723095	0.0
302468.5761537043	4123830.315818495	0.0
302468.84126980766	4123830.888373421	0.0
302469.12343261635	4123831.4497950906	0.0
302469.41964584216	4123831.9984886874	0.0
302469.71008372144	4123832.5343656545	0.0
302469.9962816135	4123833.0723778084	0.0
302470.2900943303	4123833.625938867	0.0
302470.59345259285	4123834.1890822323	0.0
302470.8856693931	4123834.7502673543	0.0
302471.19058882433	4123835.3168896902	0.0
302471.4880937708	4123835.889052568	0.0
302471.71807376476	4123836.4557271153	0.0
302472.0176354627	4123836.8791183378	0.0
302472.3179754603	4123837.43974227	0.0
302472.6147625266	4123838.0002647834	0.0
302472.90616146603	4123838.558138553	0.0
302473.1985993871	4123839.0972992084	0.0
302473.47312484536	4123839.62966497	0.0
302473.755769177	4123840.154993341	0.0
302474.03329499136	4123840.6765564024	0.0
302474.3074155201	4123841.1854320965	0.0
302474.5048488006	4123841.689627721	0.0
302474.8426754186	4123842.1922017573	0.0
302475.09925269906	4123842.672254552	0.0
302475.3469366296	4123843.1390089747	0.0
302475.5909065196	4123843.592528182	0.0
302475.88690157107	4123844.144557754	0.0
302476.1717027449	4123844.6798273996	0.0
302476.4602740508	4123845.205571478	0.0
302476.7357294627	4123845.7208920973	0.0
302477.014528846	4123846.227437324	0.0
302477.2792555811	4123846.7206210187	0.0
302477.53561013145	4123847.1597860763	0.0
302477.7966834075	4123847.623449939	0.0
302478.08410118904	4123848.093895333	0.0
302478.40249550086	4123848.6107960823	0.0
302478.7235374934	4123849.0893320087	0.0
302479.0880975198	4123849.60662672	0.0
302479.47747560637	4123850.128703494	0.0
302479.8654179791	4123850.6149170124	0.0
302480.2455714135	4123851.078184283	0.0
302480.63874004054	4123851.5161653953	0.0
302481.0278290778	4123851.925376846	0.0
302481.4255498637	4123852.3116257237	0.0
302481.8372815701	4123852.6646084506	0.0
302482.2478256365	4123852.99226916	0.0
302482.78741322237	4123853.3405780043	0.0
302483.3362409767	4123853.6414851756	0.0
302483.8827933697	4123853.883419321	0.0
302484.4489666055	4123854.0978764943	0.0
302485.00791148806	4123854.2629140466	0.0
302485.5580233722	4123854.3794949185	0.0
302486.10456394794	4123854.4323223163	0.0
302486.62345897616	4123854.429364176	0.0
302487.13972207194	4123854.36485089	0.0
302487.6941441833	4123854.249664951	0.0
302488.2844900837	4123854.0831188224	0.0
302488.78706654033	4123853.9336259295	0.0
302489.3013749491	4123853.7294563237	0.0
302489.84057544067	4123853.533212703	0.0
302490.4057635369	4123853.3222948653	0.0
302490.9817143703	4123853.090954852	0.0
302491.5816869914	4123852.8305540495	0.0
302492.0177014782	4123852.5435147528	0.0
302492.6165516694	4123852.3230737676	0.0
302493.18688761233	4123852.0354299466	0.0
302493.7503790967	4123851.771261795	0.0
302494.341823659	4123851.4816410854	0.0
302494.90473656415	4123851.199168031	0.0
302495.441657464	4123850.92489309	0.0
302495.9599703423	4123850.651981204	0.0
302496.4593492069	4123850.3917272585	0.0
302496.92763934087	4123850.136830752	0.0
302497.3923680008	4123849.8877541996	0.0
302497.85898835474	4123849.6373379105	0.0
302498.33459729026	4123849.3728324277	0.0
302498.82440475107	4123849.108177933	0.0
302499.3188086436	4123848.831387955	0.0
302499.8252497071	4123848.5506140594	0.0
302500.337791874	4123848.2587794987	0.0
302500.855896024	4123847.9644086324	0.0
302501.38295413734	4123847.667051579	0.0
302501.91576986946	4123847.3628977817	0.0
302502.45032944775	4123847.0574077372	0.0
302502.9843628241	4123846.7484144205	0.0
302503.5091076079	4123846.4533323757	0.0
302504.00923457614	4123846.1682664403	0.0
302504.4841871109	4123845.894709996	0.0
302504.942967091	4123845.6380023304	0.0
302505.46910780785	4123845.3330806466	0.0
302505.9687477425	4123845.0398846976	0.0
302506.49047469953	4123844.742283349	0.0
302506.97237217746	4123844.462087384	0.0
302507.4323045284	4123844.1914750254	0.0
302507.95087013225	4123843.8978339173	0.0
302508.46917905717	4123843.5932817403	0.0
302508.9941634466	4123843.30208019	0.0
302509.51805220766	4123843.027187649	0.0
302510.05761847587	4123842.7835674984	0.0
302510.6027904803	4123842.5581340906	0.0
302511.15937778854	4123842.3274361636	0.0
302511.7242840463	4123842.0856254078	0.0
302512.29097742145	4123841.8254540493	0.0
302512.8589624528	4123841.5698782518	0.0
302513.4329052572	4123841.3160126857	0.0
302514.03558868764	4123841.063876446	0.0
302514.63606752164	4123840.824929696	0.0
302515.1039638418	4123840.641282523	0.0
302515.72165927186	4123840.404706343	0.0
302516.20117953315	4123840.2057978157	0.0
302516.67745988595	4123839.9949381817	0.0
302517.15778435324	4123839.7673301618	0.0
302517.6337512618	4123839.524281642	0.0
302518.0939193749	4123839.2825300265	0.0
302518.59701327316	4123839.016638995	0.0
302519.06223869685	4123838.7508987687	0.0
302519.56879004824	4123838.499914401	0.0
302520.0634825038	4123838.2479138067	0.0
302520.5840456308	4123838.013993266	0.0
302521.0989777177	4123837.8236887706	0.0
302521.6198461031	4123837.659334769	0.0
302522.180205581	4123837.5386454724	0.0
302522.7270712446	4123837.4354820475	0.0
302523.27504194813	4123837.3730006483	0.0
302523.81777286355	4123837.3456144193	0.0
302524.53632686724	4123837.377929334	0.0
302525.0868342734	4123837.4421382444	0.0
302525.63166700304	4123837.5418226267	0.0
302526.1740082638	4123837.6739470097	0.0
302526.71799801686	4123837.8384139966	0.0
302527.253603806	4123838.03638479	0.0
302527.79477214225	4123838.288440392	0.0
302528.31222694786	4123838.538648427	0.0
302528.8079388155	4123838.845619041	0.0
302529.3087650189	4123839.181335028	0.0
302529.77733745635	4123839.5735057504	0.0
302530.2151735702	4123839.998595894	0.0
302530.616585425	4123840.4726523883	0.0
302530.9911485843	4123840.9688047324	0.0
302531.38214999146	4123841.4845542978	0.0
302531.7549693147	4123841.9883341836	0.0
302532.14360046043	4123842.4913720354	0.0
302532.52118607686	4123843.015393814	0.0
302532.8759972546	4123843.514601404	0.0
302533.1959536535	4123844.02258553	0.0
302533.49454905593	4123844.515529134	0.0
302533.77077911264	4123845.013624797	0.0
302534.04181237635	4123845.5046263076	0.0
302534.3064571691	4123845.975609158	0.0
302534.5780293372	4123846.439212632	0.0
302534.8399950197	4123846.8843534407	0.0
302535.095576712	4123847.3222429864	0.0
302535.3515844842	4123847.7530911346	0.0
302535.6971592123	4123848.306176636	0.0
302536.047156453	4123848.8523117676	0.0
302536.4031374224	4123849.394975493	0.0
302536.5816716434	4123849.972886268	0.0
302537.0898023136	4123850.423721872	0.0
302537.41375865793	4123850.8942347015	0.0
302537.7437381978	4123851.3943966916	0.0
302538.0899298557	4123851.9171218104	0.0
302538.45075500704	4123852.4581913617	0.0
302538.82640935713	4123853.0196361407	0.0
302539.2008938674	4123853.581663563	0.0
302539.5733258136	4123854.1507706637	0.0
302539.8207266759	4123854.7270339625	0.0
302540.16885379574	4123855.1163433804	0.0
302540.4866921158	4123855.6852545016	0.0
302540.8069699835	4123856.2509626257	0.0
302541.118128565	4123856.8126294496	0.0
302541.53493576904	4123857.5387137183	0.0
302541.8288340868	4123858.0772869894	0.0
302542.22669374634	4123858.7840181277	0.0
302542.60641039256	4123859.467861507	0.0
302542.8956856779	4123859.979713299	0.0
302543.1808818843	4123860.494251563	0.0
302543.4593940527	4123861.0013605813	0.0
302543.7408719413	4123861.5024786815	0.0
302544.0192403699	4123861.9909024322	0.0
302544.30293167906	4123862.4917834415	0.0
302544.60085639707	4123863.0128686633	0.0
302544.9008815065	4123863.5351997395	0.0
302545.21433119697	4123864.081084708	0.0
302545.53493445786	4123864.629206878	0.0
302545.85736861406	4123865.192273929	0.0
302546.19011785346	4123865.7599092834	0.0
302546.64148796396	4123866.5277390596	0.0
302546.9791642416	4123867.1035851715	0.0
302547.33061722916	4123867.692799902	0.0
302547.691715788	4123868.3084329725	0.0
302548.01437132014	4123868.8557668	0.0
302548.5086153402	4123869.685315414	0.0
302548.83339735446	4123870.2412959486	0.0
302549.17795293964	4123870.8140197294	0.0
302549.5172597539	4123871.4025950725	0.0
302549.8597409819	4123871.9814738682	0.0
302550.1988911516	4123872.569682847	0.0
302550.5403547567	4123873.1556169814	0.0
302550.8823010357	4123873.7432050994	0.0
302551.22115541203	4123874.3377123033	0.0
302551.56262763543	4123874.9303075755	0.0
302551.8983551598	4123875.5176719385	0.0
302552.24768977135	4123876.117483738	0.0
302552.5893749662	4123876.712849579	0.0
302552.935095809	4123877.32255333	0.0
302553.28094270837	4123877.9313289463	0.0
302553.62915959465	4123878.5402338626	0.0
302553.98484309093	4123879.145817536	0.0
302554.3400874223	4123879.764179056	0.0
302554.69477938884	4123880.377927676	0.0
302555.0561248334	4123880.9978110334	0.0
302555.4135346913	4123881.6201924505	0.0
302555.7758758712	4123882.2383870836	0.0
302556.1371907641	4123882.863267175	0.0
302556.48791224393	4123883.490616902	0.0
302556.83273687644	4123884.1188454926	0.0
302557.1668723483	4123884.7391839353	0.0
302557.5063088519	4123885.364763745	0.0
302557.8445407657	4123885.995737955	0.0
302558.18011549686	4123886.614377249	0.0
302558.62154731073	4123887.450349638	0.0
302558.85344803653	4123888.290268866	0.0
302559.29104850045	4123888.7056155754	0.0
302559.62993243686	4123889.332873781	0.0
302559.9639545152	4123889.960986503	0.0
302560.2964240449	4123890.5859901397	0.0
302560.72772294166	4123891.406287847	0.0
302561.03870541905	4123892.010887831	0.0
302561.37190056476	4123892.572406992	0.0
302561.7012296461	4123893.126800688	0.0
302561.9210359713	4123893.66671738	0.0
302562.3729550502	4123894.18106512	0.0
302562.6997307852	4123894.6583587835	0.0
302563.03093329316	4123895.11630456	0.0
302563.49889810715	4123895.709255541	0.0
302563.83043503744	4123896.1185289407	0.0
302564.1543877552	4123896.513547916	0.0
302564.55549107294	4123897.031281596	0.0
302564.93804716005	4123897.534093545	0.0
302565.27031082835	4123898.0371632846	0.0
302565.5727076228	4123898.5157706216	0.0
302565.8542828356	4123898.9771042434	0.0
302566.1769012972	4123899.5166679923	0.0
302566.46022925084	4123900.0210738527	0.0
302566.7299890844	4123900.489531755	0.0
302566.9833063957	4123900.9319162276	0.0
302567.2758708936	4123901.4453566666	0.0
302567.5328672841	4123901.9120794055	0.0
302567.8079458416	4123902.443139526	0.0
302568.04027227825	4123902.923950194	0.0
302568.2986866928	4123903.457252653	0.0
302568.64997675945	4123904.1717415	0.0
302568.8682306518	4123904.6266080425	0.0
302569.09240309725	4123905.087811647	0.0
302569.32364217716	4123905.5601362516	0.0
302569.5550726248	4123906.040597955	0.0
302569.78777280316	4123906.51214806	0.0
302570.0131453517	4123906.967772368	0.0
302570.304757588	4123907.553954543	0.0
302570.58612420363	4123908.1196536487	0.0
302570.91936666984	4123908.790158369	0.0
302571.1761324409	4123909.2974095615	0.0
302571.4230918542	4123909.790273552	0.0
302571.65829666844	4123910.261394712	0.0
302571.88695658994	4123910.7121307966	0.0
302572.1662398742	4123911.2584501416	0.0
302572.41694789904	4123911.778611351	0.0
302572.719675091	4123912.3782248413	0.0
302572.953109941	4123912.862155164	0.0
302573.19126298395	4123913.3328369414	0.0
302573.43635661807	4123913.828150336	0.0
302573.66144179314	4123914.284151553	0.0
302573.9058874103	4123914.77707473	0.0
302574.1743291488	4123915.309031264	0.0
302574.44991590886	4123915.874311313	0.0
302574.7395141942	4123916.469237683	0.0
302574.95972446667	4123916.93812109	0.0
302575.183383252	4123917.415250024	0.0
302575.40840319	4123917.8999334336	0.0
302575.6458298982	4123918.3963523917	0.0
302575.8788165989	4123918.89269075	0.0
302576.1071458432	4123919.3859930406	0.0
302576.2560588717	4123919.873063225	0.0
302576.5502450083	4123920.3496019924	0.0
302576.7696723251	4123920.816653491	0.0
302576.98888216773	4123921.2807495305	0.0
302577.20294314995	4123921.739785661	0.0
302577.483752417	4123922.3321432834	0.0
302577.83257984556	4123923.074075725	0.0
302578.03592984396	4123923.6493979534	0.0
302578.30909832095	4123924.0811223807	0.0
302578.5779050415	4123924.6537784194	0.0
302578.844959122	4123925.208527171	0.0
302579.1052075239	4123925.763250963	0.0
302579.3593199232	4123926.3149734656	0.0
302579.5544680929	4123926.861350902	0.0
302579.87773349136	4123927.4113325067	0.0
302580.2025295424	4123928.0938784983	0.0
302580.4534585116	4123928.6297627846	0.0
302580.6919980414	4123929.1483600303	0.0
302580.92146607314	4123929.633494048	0.0
302581.18442344305	4123930.190189574	0.0
302581.415117819	4123930.6897275858	0.0
302581.6484212824	4123931.1744013354	0.0
302581.89426188	4123931.6574849635	0.0
302582.19787869486	4123932.150311885	0.0
302582.50646577723	4123932.6028690464	0.0
302582.8117696189	4123933.060499419	0.0
302583.06508918386	4123933.516968661	0.0
302583.4601409101	4123933.9774625083	0.0
302583.8265911776	4123934.462335383	0.0
302584.14072676713	4123934.8740541204	0.0
302584.4753880438	4123935.3030535937	0.0
302584.83309722034	4123935.7496445524	0.0
302585.20927951834	4123936.2143046698	0.0
302585.56919791683	4123936.6982210176	0.0
302585.9024112959	4123937.1977534043	0.0
302586.1754915296	4123937.7005504626	0.0
302586.4425052731	4123938.184431474	0.0
302586.69904736144	4123938.6507952986	0.0
302586.95051882946	4123939.1028455608	0.0
302587.2046385643	4123939.547987202	0.0
302587.48261106363	4123940.088971734	0.0
302587.79794768506	4123940.753051783	0.0
302588.0457622715	4123941.3012218913	0.0
302588.27957419725	4123941.8515717	0.0
302588.525014916	4123942.5189609933	0.0
302588.72338149656	4123943.185051968	0.0
302588.86230157164	4123943.745220053	0.0
302588.9867536918	4123944.3066535955	0.0
302589.07711686887	4123944.8905381244	0.0
302589.12960780115	4123945.4995531254	0.0
302589.14927519235	4123946.1156313424	0.0
302589.1520215339	4123946.6286722627	0.0
302589.1427402114	4123947.290765209	0.0
302589.1347019831	4123947.8170123165	0.0
302589.1490550522	4123948.37067327	0.0
302589.187299468	4123948.9023081143	0.0
302589.2561278238	4123949.419716006	0.0
302589.3553879699	4123949.935297948	0.0
302589.47222528554	4123950.4434351143	0.0
302589.60443495074	4123950.932152004	0.0
302589.7987481023	4123951.539126729	0.0
302589.9636335134	4123952.0459488137	0.0
302590.15866388363	4123952.595360402	0.0
302590.3804472635	4123953.1878113435	0.0
302590.5606222799	4123953.659116953	0.0
302590.74009717867	4123954.138395591	0.0
302590.92500785604	4123954.6160660996	0.0
302591.1040130635	4123955.0942455726	0.0
302591.2728119925	4123955.572480053	0.0
302591.4945953444	4123956.1900959476	0.0
302591.704259041	4123956.814473156	0.0
302591.8562156063	4123957.4454343324	0.0
302592.1172207057	4123958.2391617326	0.0
302592.27732729085	4123958.876176726	0.0
302592.4299585583	4123959.516143077	0.0
302592.5862339274	4123960.1475120573	0.0
302592.7377779359	4123960.772701085	0.0
302592.88307724893	4123961.390265459	0.0
302593.0300420514	4123962.0031647575	0.0
302593.17000984837	4123962.6079019886	0.0
302593.3112561166	4123963.2103887186	0.0
302593.4459271645	4123963.7974870456	0.0
302593.58442931675	4123964.3776489324	0.0
302593.71428197797	4123964.9485773947	0.0
302593.83625049214	4123965.5050734226	0.0
302593.95747534686	4123966.055110672	0.0
302594.0669631915	4123966.5967272585	0.0
302594.1797864138	4123967.135489859	0.0
302594.29368372064	4123967.6696012933	0.0
302594.3979356865	4123968.189876819	0.0
302594.4943600532	4123968.6981240483	0.0
302594.5993861131	4123969.232444128	0.0
302594.6977762089	4123969.7802428836	0.0
302594.8011107259	4123970.336992131	0.0
302594.9064543671	4123970.909977318	0.0
302594.98866709624	4123971.501215329	0.0
302595.095715421	4123972.0915912655	0.0
302595.22946064116	4123972.6802089084	0.0
302595.3384485366	4123973.2886353503	0.0
302595.44366181974	4123973.900111147	0.0
302595.5466747165	4123974.518670072	0.0
302595.6564018962	4123975.1396615943	0.0
302595.76262412604	4123975.775168378	0.0
302595.8554221336	4123976.412286133	0.0
302595.9443454464	4123977.0356173	0.0
302596.0366302573	4123977.663495315	0.0
302596.0793581209	4123978.297719853	0.0
302596.11543255654	4123978.9258096414	0.0
302596.1376212358	4123979.5769112175	0.0
302596.182724166	4123980.220776028	0.0
302596.2164503961	4123980.862243652	0.0
302596.25320760196	4123981.500494377	0.0
302596.29043876263	4123982.127446745	0.0
302596.3280221432	4123982.750505067	0.0
302596.371984986	4123983.3806297686	0.0
302596.41760898026	4123984.005904461	0.0
302596.45414873736	4123984.6411997215	0.0
302596.4935362772	4123985.139686218	0.0
302596.5274532734	4123985.6445926083	0.0
302596.57043285936	4123986.163718686	0.0
302596.6119339373	4123986.689170771	0.0
302596.65788805607	4123987.2278407346	0.0
302596.7063208822	4123987.7649721154	0.0
302596.75612795225	4123988.322795233	0.0
302596.80011220835	4123988.8783498257	0.0
302596.83092372917	4123989.4388135457	0.0
302596.8802967366	4123990.004444983	0.0
302596.9253203034	4123990.5601601703	0.0
302596.9705700377	4123991.125491923	0.0
302597.017146096	4123991.6906074486	0.0
302597.0514286256	4123992.2613781504	0.0
302597.0709294156	4123992.83511475	0.0
302597.1307828879	4123993.4716843306	0.0
302597.17568450334	4123993.984473979	0.0
302597.18088343984	4123994.551487818	0.0
302597.190700726	4123995.1450382587	0.0
302597.2012093569	4123995.717663346	0.0
302597.2187062782	4123996.3043718687	0.0
302597.2320501635	4123996.8654580293	0.0
302597.24561667885	4123997.631004011	0.0
302597.25944051676	4123998.5773243606	0.0
302597.2657571093	4123999.1541188397	0.0
302597.27520036534	4123999.731764963	0.0
302597.2837173329	4124000.3014763165	0.0
302597.29086008057	4124000.856787159	0.0
302597.29725407984	4124001.407558748	0.0
302597.3044410085	4124001.9437407795	0.0
302597.31040080695	4124002.4676232836	0.0
302597.32273133134	4124002.991911066	0.0
302597.3231422886	4124003.5125934193	0.0
302597.33634258946	4124004.048703066	0.0
302597.3437809517	4124004.578842031	0.0
302597.34800572536	4124005.1170131327	0.0
302597.36618961336	4124005.6700289096	0.0
302597.3787298488	4124006.423386646	0.0
302597.38612491055	4124006.995714897	0.0
302597.3981338597	4124007.5692298897	0.0
302597.4065640328	4124008.172989961	0.0
302597.41767730436	4124008.7776121106	0.0
302597.429142825	4124009.3846314466	0.0
302597.4365815537	4124009.9965564325	0.0
302597.4447725995	4124010.609018833	0.0
302597.44933600473	4124011.215158707	0.0
302597.45012222877	4124011.8240261115	0.0
302597.48034763586	4124012.4235728653	0.0
302597.5259105541	4124013.014802344	0.0
302597.5953602895	4124013.5838207947	0.0
302597.6986203606	4124014.1311349734	0.0
302597.8361212787	4124014.6561796498	0.0
302598.0085457276	4124015.150242063	0.0
302598.1839358569	4124015.6320223412	0.0
302598.46566301316	4124016.2384216287	0.0
302598.8602543225	4124016.945046683	0.0
302599.2290358174	4124017.466317324	0.0
302599.61069777014	4124017.9691514955	0.0
302600.03655006376	4124018.4324588557	0.0
302600.48362344806	4124018.879724103	0.0
302600.9626111536	4124019.3127311533	0.0
302601.4518266636	4124019.7277342086	0.0
302601.9333278135	4124020.1732646627	0.0
302602.2868011914	4124020.617715551	0.0
302602.7406190969	4124020.9726940016	0.0
302603.09326190216	4124021.3298471128	0.0
302603.4733404808	4124021.809404109	0.0
302603.73180164525	4124022.3071793257	0.0
302603.90792660444	4124022.889417098	0.0
302604.03241662215	4124023.5846311175	0.0
302604.1052751947	4124024.1539395014	0.0
302604.1744939885	4124024.7257389566	0.0
302604.23750725196	4124025.278995693	0.0
302604.29478905676	4124025.833867514	0.0
302604.3555714544	4124026.380330374	0.0
302604.4132489412	4124026.9268662576	0.0
302604.47600127524	4124027.4816094236	0.0
302604.537431651	4124028.043044983	0.0
302604.59458728356	4124028.586262488	0.0
302604.6508600776	4124029.1108120936	0.0
302604.71745659865	4124029.6780473185	0.0
302604.7703681032	4124030.2546711625	0.0
302604.8245578122	4124030.7535497216	0.0
302604.88271808025	4124031.333195743	0.0
302604.9345508629	4124031.8387910384	0.0
302604.9905933908	4124032.4290339327	0.0
302605.0506277496	4124032.968853086	0.0
302605.11228435364	4124033.571361378	0.0
302605.17740238033	4124034.1575050745	0.0
302605.24152446643	4124034.7138813576	0.0
302605.3001368206	4124035.256139428	0.0
302605.28722357925	4124035.8393073166	0.0
302605.2030017879	4124036.3530983143	0.0
302605.0519333496	4124036.861430033	0.0
302604.85121268046	4124037.3783309273	0.0
302604.6342937121	4124037.948718184	0.0
302604.40505141276	4124038.66816442	0.0
302604.26888622623	4124039.3132575294	0.0
302604.1881874553	4124039.970553827	0.0
302604.1516008545	4124040.6290331264	0.0
302604.12089341925	4124041.2481464767	0.0
302604.0923557872	4124041.8274260005	0.0
302604.0738458754	4124042.36761208	0.0
302604.06801249564	4124043.0064944266	0.0
302604.07440289244	4124043.6115977345	0.0
302604.1006755043	4124044.332436218	0.0
302604.12400366226	4124044.9343656376	0.0
302604.14296159183	4124045.564338311	0.0
302604.1605015318	4124046.1025663503	0.0
302604.18359966436	4124046.820518914	0.0
302604.2087014472	4124047.4070890266	0.0
302604.246654499	4124048.017145754	0.0
302604.2755096081	4124048.5898944987	0.0
302604.2990947188	4124049.2908122772	0.0
302604.32320981426	4124049.850719962	0.0
302604.3493687657	4124050.415760594	0.0
302604.36927008955	4124050.9789129966	0.0
302604.3988606201	4124051.683575302	0.0
302604.41509174026	4124052.247924238	0.0
302604.420281753	4124052.801985777	0.0
302604.41534819675	4124053.3407423557	0.0
302604.40345252375	4124053.872816331	0.0
302604.37899378786	4124054.405370803	0.0
302604.2779180991	4124055.146042598	0.0
302604.1729107739	4124055.7509902455	0.0
302604.05779294414	4124056.3411877397	0.0
302603.9313818711	4124056.935536597	0.0
302603.7918116963	4124057.4547001403	0.0
302603.62639364885	4124058.000746736	0.0
302603.4415723841	4124058.583516775	0.0
302603.24190951855	4124059.1893953304	0.0
302603.02885747806	4124059.8172380286	0.0
302602.8160620099	4124060.437118139	0.0
302602.6115158624	4124061.0618002284	0.0
302602.4170018737	4124061.6727387356	0.0
302602.2191046169	4124062.2593320315	0.0
302601.9793484866	4124062.9782855436	0.0
302601.7830210986	4124063.55614523	0.0
302601.5877939712	4124064.1430458236	0.0
302601.3976678038	4124064.739263306	0.0
302601.19542662904	4124065.36130073	0.0
302600.986319148	4124065.9995978014	0.0
302600.83979579905	4124066.480992519	0.0
302600.6896501698	4124066.9782005143	0.0
302600.53966108663	4124067.4694836726	0.0
302600.3812444699	4124067.9609650387	0.0
302600.1853004291	4124068.6305937553	0.0
302599.9856774993	4124069.2947579147	0.0
302599.84262889746	4124069.798090256	0.0
302599.69447074673	4124070.3043183116	0.0
302599.5296879553	4124070.8018705896	0.0
302599.36752739974	4124071.3039871063	0.0
302599.14200888143	4124071.9804176195	0.0
302598.9575401148	4124072.471216493	0.0
302598.7736715344	4124072.9749537935	0.0
302598.5869720207	4124073.4715412683	0.0
302598.39230597066	4124073.9753474914	0.0
302598.20554120245	4124074.456578502	0.0
302598.0254124454	4124074.9494957663	0.0
302597.84344421985	4124075.4333895217	0.0
302597.6740303561	4124075.9164329055	0.0
302597.5401356955	4124076.400121205	0.0
302597.40017982334	4124077.0223591966	0.0
302597.31271125877	4124077.637071499	0.0
302597.2537744084	4124078.3893348607	0.0
302597.23049072974	4124078.9781128014	0.0
302597.20662434807	4124079.5672745206	0.0
302597.1849801281	4124080.162860247	0.0
302597.1692935376	4124080.772738684	0.0
302597.1829034906	4124081.420600672	0.0
302597.2078076531	4124082.2593395053	0.0
302597.2203255049	4124082.785288274	0.0
302597.2393705044	4124083.2994262404	0.0
302597.2536930217	4124083.8266278193	0.0
302597.26943760563	4124084.3702641805	0.0
302597.2874608557	4124084.916437456	0.0
302597.2908772594	4124085.4642495285	0.0
302597.2997032448	4124086.003052632	0.0
302597.301006143	4124086.53019035	0.0
302597.3054312566	4124087.0454123155	0.0
302597.3046953593	4124087.7060091444	0.0
302597.30102399347	4124088.329852794	0.0
302597.30508427287	4124088.9302000296	0.0
302597.3043522866	4124089.502904537	0.0
302597.302802597	4124090.0408414523	0.0
302597.30162300495	4124090.669992553	0.0
302597.3045918915	4124091.2868336886	0.0
302597.2993338472	4124092.013039725	0.0
302597.290426241	4124092.521173818	0.0
302597.27949675696	4124093.0691382675	0.0
302597.2569001408	4124093.630514696	0.0
302597.2201228535	4124094.192779754	0.0
302597.20268701843	4124094.7517722733	0.0
302597.15367379657	4124095.304930363	0.0
302597.12796696636	4124095.850547888	0.0
302597.0862375286	4124096.3939746562	0.0
302597.0388888347	4124096.9407602693	0.0
302597.00454232725	4124097.4805787727	0.0
302596.9651819337	4124098.0210703104	0.0
302596.9280132194	4124098.560400083	0.0
302596.8878744735	4124099.1055358346	0.0
302596.8598943632	4124099.658157148	0.0
302596.8360758417	4124100.2116057663	0.0
302596.8197542742	4124100.769318931	0.0
302596.7955705022	4124101.326106793	0.0
302596.7805187787	4124101.893782053	0.0
302596.7589920588	4124102.4629048556	0.0
302596.7418540019	4124103.21233482	0.0
302596.7369127181	4124103.782177762	0.0
302596.7302711344	4124104.3489150773	0.0
302596.7360446984	4124104.9151753588	0.0
302596.7321949271	4124105.487398102	0.0
302596.73997755314	4124106.05731186	0.0
302596.7438334444	4124106.6300935163	0.0
302596.7524119067	4124107.208685262	0.0
302596.76842210424	4124107.7950587785	0.0
302596.7783225658	4124108.3795405934	0.0
302596.80157746526	4124108.9657437187	0.0
302596.8048377172	4124109.557228052	0.0
302596.81401639443	4124110.1550494563	0.0
302596.81651676795	4124110.9532371974	0.0
302596.79939537554	4124111.5524173155	0.0
302596.7836264285	4124112.1587820393	0.0
302596.76904026174	4124112.7588277115	0.0
302596.7517145921	4124113.374480864	0.0
302596.7196255847	4124113.9914064268	0.0
302596.69037619885	4124114.6095604585	0.0
302596.63640969037	4124115.239768077	0.0
302596.5684886264	4124115.8616071963	0.0
302596.4770809981	4124116.478632658	0.0
302596.30511002615	4124117.5196207226	0.0
302596.2174237324	4124118.1446612636	0.0
302596.0169772564	4124118.7604045314	0.0
302595.85718433186	4124119.375707754	0.0
302595.6166573075	4124120.1938592414	0.0
302595.4234066281	4124120.8018077984	0.0
302595.15940621565	4124121.6219916847	0.0
302594.94122098596	4124122.2264559157	0.0
302594.70244973386	4124122.829924045	0.0
302594.45852976374	4124123.4220410315	0.0
302594.1738116115	4124123.996613966	0.0
302593.87881785206	4124124.568282979	0.0
302593.55919822806	4124125.130724284	0.0
302593.23185115296	4124125.672808323	0.0
302593.11535452143	4124126.1976840487	0.0
302592.61483167764	4124126.5410781587	0.0
302592.2153202179	4124127.0339745805	0.0
302591.81116865354	4124127.486827283	0.0
302591.5395859696	4124127.912232646	0.0
302590.9647804825	4124128.301650525	0.0
302590.52593130857	4124128.650403816	0.0
302590.0667916249	4124128.9666979103	0.0
302589.60077665735	4124129.242260721	0.0
302589.1307391798	4124129.4977492127	0.0
302588.6588012127	4124129.7227514433	0.0
302588.1989868599	4124129.922303609	0.0
302587.4296215376	4124130.2003756524	0.0
302586.81796460104	4124130.4034993537	0.0
302586.21990547515	4124130.5872445274	0.0
302585.6286038306	4124130.7438155026	0.0
302585.03883690864	4124130.852426017	0.0
302584.4547578756	4124130.957572136	0.0
302583.86333412747	4124131.058635217	0.0
302583.27238407446	4124131.11694381	0.0
302582.7141304022	4124131.125078686	0.0
302582.1030851155	4124131.1026290865	0.0
302581.4673485756	4124131.0555953663	0.0
302580.6916105008	4124131.0124098607	0.0
302580.0875879779	4124130.9740671325	0.0
302579.4890576698	4124130.9365204424	0.0
302578.911661348	4124130.904397849	0.0
302578.37443240406	4124130.8504213793	0.0
302577.84145611874	4124130.7696996806	0.0
302577.32605210395	4124130.6624745615	0.0
302576.81014772004	4124130.521399594	0.0
302576.2945431656	4124130.355337701	0.0
302575.76023960055	4124130.1615901575	0.0
302575.2088460246	4124129.9456702117	0.0
302574.64654595923	4124129.6937397243	0.0
302574.2164552425	4124129.41601876	0.0
302573.6318511459	4124129.2083877604	0.0
302573.04287244205	4124128.9354356704	0.0
302572.44941462204	4124128.6544473814	0.0
302571.992014698	4124128.428360104	0.0
302571.5249003754	4124128.2358078966	0.0
302571.04626258835	4124128.0690617906	0.0
302570.5601674313	4124127.9500454636	0.0
302570.0531428745	4124127.8531707353	0.0
302569.54791008035	4124127.775867741	0.0
302569.03511948546	4124127.6980024134	0.0
302568.508161649	4124127.6593280006	0.0
302567.97820775106	4124127.631641241	0.0
302567.4417397743	4124127.61002891	0.0
302566.9036413117	4124127.6134348726	0.0
302566.36853066087	4124127.6558132526	0.0
302565.8348291488	4124127.7203628817	0.0
302565.2855379466	4124127.7699212497	0.0
302564.73613822507	4124127.8400212415	0.0
302564.17804130143	4124127.898853604	0.0
302563.62019205396	4124127.9367710734	0.0
302563.0568940219	4124127.9694507	0.0
302562.48171573004	4124128.000189398	0.0
302561.90062329004	4124128.018484786	0.0
302561.3221789864	4124128.0235803397	0.0
302560.7438910467	4124128.0101686204	0.0
302560.18886793277	4124128.004721331	0.0
302559.6498257462	4124127.9994532503	0.0
302559.11891969916	4124127.9941788465	0.0
302558.61265686475	4124127.9862893624	0.0
302557.96184822015	4124127.9840206816	0.0
302557.18425740814	4124127.9690064257	0.0
302556.57945636957	4124127.9604745316	0.0
302555.9921669711	4124127.954306274	0.0
302555.42432860896	4124127.944904934	0.0
302554.8845166887	4124127.9383600135	0.0
302554.36512121605	4124127.9318899442	0.0
302553.75047935126	4124127.9200740657	0.0
302553.178353303	4124127.9107737443	0.0
302552.67117715697	4124127.895504649	0.0
302552.045268239	4124127.8889499335	0.0
302551.45332147734	4124127.879745939	0.0
302550.8880705071	4124127.873429655	0.0
302550.2556995783	4124127.862586218	0.0
302549.7304031038	4124127.8568103653	0.0
302549.17945890967	4124127.854968572	0.0
302548.6108595661	4124127.8509516483	0.0
302548.02533127414	4124127.8441874064	0.0
302547.42760975106	4124127.8473319476	0.0
302546.84181627736	4124127.8481605174	0.0
302546.2658461409	4124127.8452423364	0.0
302545.7050046313	4124127.844003684	0.0
302544.9578363823	4124127.8456682633	0.0
302544.40215231455	4124127.8498594556	0.0
302543.84832504194	4124127.8512314535	0.0
302543.3063520108	4124127.8597260634	0.0
302542.753176823	4124127.8447995936	0.0
302542.2155259585	4124127.829507933	0.0
302541.69106868934	4124127.8216774394	0.0
302541.1468685719	4124127.7795246155	0.0
302540.4351575929	4124127.716332833	0.0
302539.9035287332	4124127.642613187	0.0
302539.37666985276	4124127.5389904957	0.0
302538.48908455553	4124127.363363665	0.0
302537.9450400614	4124127.2523738514	0.0
302537.4001428564	4124127.1114282417	0.0
302536.8594159853	4124126.977971042	0.0
302536.3139531218	4124126.8129840787	0.0
302535.7804267471	4124126.627177282	0.0
302535.2528138913	4124126.4034839706	0.0
302534.58713277424	4124126.052033267	0.0
302534.0993950654	4124125.7500566714	0.0
302533.6474887679	4124125.3991276333	0.0
302533.22309967387	4124125.016835175	0.0
302532.7011873541	4124124.4443993485	0.0
302532.4500501967	4124123.998051291	0.0
302532.0251836446	4124123.5221694135	0.0
302531.73617169785	4124122.9960643067	0.0
302531.4907799032	4124122.4565355047	0.0
302531.3057935607	4124121.8939362667	0.0
302531.1705414828	4124121.319989913	0.0
302531.0940468514	4124120.7283779485	0.0
302531.06685608986	4124120.1322753388	0.0
302531.0874257711	4124119.5541077964	0.0
302531.15595998196	4124118.9711110466	0.0
302531.19989053975	4124118.42385007	0.0
302531.25818021677	4124117.8895738847	0.0
302531.28952002694	4124117.3688674523	0.0
302531.35482860234	4124116.703252189	0.0
302531.39984930586	4124116.0514200134	0.0
302531.42001223686	4124115.2924815007	0.0
302531.4024405306	4124114.6965226578	0.0
302531.3635196947	4124114.1352943373	0.0
302531.28403206525	4124113.5935310745	0.0
302531.2206144057	4124113.0672993623	0.0
302531.1591536945	4124112.548793135	0.0
302531.09008287475	4124112.021214137	0.0
302531.0191242978	4124111.4574124217	0.0
302530.9317406963	4124110.855694613	0.0
302530.86385995324	4124110.2215066613	0.0
302530.819582833	4124109.559377994	0.0
302530.7924583501	4124109.0415442204	0.0
302530.7795753481	4124108.5191195486	0.0
302530.76520070195	4124107.9898836226	0.0
302530.74945606815	4124107.4464321295	0.0
302530.7306104484	4124106.5385319246	0.0
302530.7215756007	4124105.9910368044	0.0
302530.7098923217	4124105.4315766306	0.0
302530.69433213526	4124104.694757783	0.0
302530.6815486358	4124104.13254795	0.0
302530.66543409496	4124103.567085833	0.0
302530.65295065334	4124103.0050539775	0.0
302530.64608982723	4124102.4367836374	0.0
302530.6309580386	4124101.8690779633	0.0
302530.61879197764	4124101.3016725876	0.0
302530.60909579496	4124100.726067502	0.0
302530.59664708684	4124100.1592238857	0.0
302530.586498654	4124099.5832593697	0.0
302530.57584140345	4124099.0045312783	0.0
302530.5623333418	4124098.2354678246	0.0
302530.5494383613	4124097.461023895	0.0
302530.5333583994	4124096.87816755	0.0
302530.52148797305	4124096.304463987	0.0
302530.51567058626	4124095.717665465	0.0
302530.5019910581	4124095.1362329377	0.0
302530.4960085021	4124094.554989393	0.0
302530.4890344196	4124093.9693283043	0.0
302530.48395629774	4124093.382512393	0.0
302530.47436859045	4124092.786365725	0.0
302530.46684218606	4124092.196091723	0.0
302530.4579459623	4124091.604184623	0.0
302530.45073957066	4124091.013729168	0.0
302530.44267134636	4124090.4204962235	0.0
302530.43552324036	4124089.8274377775	0.0
302530.42673128744	4124089.2273866273	0.0
302530.4195335215	4124088.6322829	0.0
302530.4080907508	4124088.03267524	0.0
302530.39667220355	4124087.4278749404	0.0
302530.38573202176	4124086.8245436777	0.0
302530.38268715714	4124086.222413034	0.0
302530.37100944656	4124085.620303262	0.0
302530.3625566407	4124085.015803261	0.0
302530.3518163668	4124084.4021052616	0.0
302530.347003209	4124083.788822922	0.0
302530.34112898883	4124083.1744553307	0.0
302530.33623325115	4124082.5639504804	0.0
302530.31958057964	4124081.742965809	0.0
302530.31231487077	4124081.1323316838	0.0
302530.30723205087	4124080.5138746733	0.0
302530.3033016709	4124079.9003865323	0.0
302530.3030111059	4124079.2906985213	0.0
302530.30461207335	4124078.673379517	0.0
302530.30393538973	4124078.0541932094	0.0
302530.2932724367	4124077.4431544323	0.0
302530.2744047049	4124076.8298326912	0.0
302530.2587027746	4124076.219026978	0.0
302530.2441706072	4124075.6076386357	0.0
302530.22191282443	4124074.799923428	0.0
302530.2217354091	4124074.1950437054	0.0
302530.2312030843	4124073.585126116	0.0
302530.2384312365	4124072.974336035	0.0
302530.24300509103	4124072.367140279	0.0
302530.2542791331	4124071.7553136447	0.0
302530.26561677037	4124071.149422864	0.0
302530.2775545248	4124070.543888038	0.0
302530.29057067435	4124069.9338869676	0.0
302530.2977816141	4124069.3349396233	0.0
302530.3283113969	4124068.5324587584	0.0
302530.34704181703	4124067.9389765235	0.0
302530.3673725095	4124067.3443464213	0.0
302530.38602470636	4124066.7538266117	0.0
302530.4109519523	4124066.165934713	0.0
302530.43312215013	4124065.5740368813	0.0
302530.4583147372	4124064.9911347255	0.0
302530.48449435434	4124064.399882709	0.0
302530.50707340066	4124063.812786207	0.0
302530.5319789271	4124063.223969643	0.0
302530.5490439583	4124062.6351525057	0.0
302530.5695792054	4124062.049214309	0.0
302530.5842004607	4124061.469706487	0.0
302530.5895330765	4124060.885236181	0.0
302530.5964571794	4124060.292956906	0.0
302530.6011984764	4124059.7147917515	0.0
302530.60224767076	4124059.1243160246	0.0
302530.59535628883	4124058.529586241	0.0
302530.592039385	4124057.929591347	0.0
302530.5856307264	4124057.336515535	0.0
302530.579661194	4124056.7369531207	0.0
302530.5651771601	4124056.140181538	0.0
302530.5505495491	4124055.5373071325	0.0
302530.5462916166	4124054.9417883446	0.0
302530.5159370056	4124054.342786546	0.0
302530.503107851	4124053.738774138	0.0
302530.47176613833	4124053.1381288045	0.0
302530.45103743917	4124052.533732615	0.0
302530.4474508827	4124051.928563049	0.0
302530.4455620387	4124051.1188883623	0.0
302530.44920283806	4124050.5128086144	0.0
302530.4494039661	4124049.9114357037	0.0
302530.4561584501	4124049.3119440116	0.0
302530.4646349547	4124048.7101913714	0.0
302530.4675365134	4124048.104129019	0.0
302530.4906677938	4124047.502771742	0.0
302530.5204959406	4124046.9031072757	0.0
302530.54300972325	4124046.3006543103	0.0
302530.5760254488	4124045.704430542	0.0
302530.6018961794	4124045.087465764	0.0
302530.62832818646	4124044.494357472	0.0
302530.65520787117	4124043.882549979	0.0
302530.69338540477	4124043.2856496633	0.0
302530.72530094313	4124042.6866762373	0.0
302530.76557453227	4124042.090836829	0.0
302530.8144018857	4124041.5001622336	0.0
302530.86795625207	4124040.9154826263	0.0
302530.9221237145	4124040.3254225412	0.0
302530.9762522625	4124039.7525717565	0.0
302531.03429009113	4124039.169822074	0.0
302531.08854895626	4124038.5836456073	0.0
302531.14186439116	4124038.0139595736	0.0
302531.2196642638	4124037.2399724727	0.0
302531.2771022635	4124036.675740544	0.0
302531.36445445544	4124035.773298517	0.0
302531.37653708615	4124035.251733018	0.0
302531.45690155786	4124034.7352900133	0.0
302531.5052822288	4124034.2325182143	0.0
302531.5493906502	4124033.5733061684	0.0
302531.56157189456	4124032.934089047	0.0
302531.55954641325	4124032.3072335254	0.0
302531.5445881601	4124031.6777216876	0.0
302531.5215110768	4124031.04895597	0.0
302531.5000341875	4124030.41275115	0.0
302531.4688555978	4124029.779180054	0.0
302531.44034705276	4124029.145916212	0.0
302531.4035933439	4124028.4954529363	0.0
302531.3673396758	4124027.841092132	0.0
302531.3313511766	4124027.179138597	0.0
302531.32185179525	4124026.6790266577	0.0
302531.272593559	4124026.178179037	0.0
302531.2374592985	4124025.672006018	0.0
302531.21617096884	4124025.163286814	0.0
302531.1998902107	4124024.490137517	0.0
302531.192239203	4124023.9888690007	0.0
302531.1889714088	4124023.472694456	0.0
302531.19648823095	4124022.962187347	0.0
302531.21460266365	4124022.4556867485	0.0
302531.262729025	4124021.7723254645	0.0
302531.3111184517	4124021.2636323078	0.0
302531.37372784456	4124020.7557148244	0.0
302531.43380627286	4124020.240825505	0.0
302531.49645476905	4124019.7282811953	0.0
302531.56975736795	4124019.215856305	0.0
302531.64479070326	4124018.701540334	0.0
302531.72786038066	4124018.1955469707	0.0
302531.81508299935	4124017.6900110114	0.0
302531.8802820682	4124017.189280438	0.0
302532.01556355774	4124016.6914641648	0.0
302532.13578363135	4124016.19884459	0.0
302532.2746027823	4124015.710783428	0.0
302532.43056859565	4124015.2284250697	0.0
302532.61173900816	4124014.7484343243	0.0
302532.8026852036	4124014.275244977	0.0
302533.004646491	4124013.8049421073	0.0
302533.2136525266	4124013.332253072	0.0
302533.5260712184	4124012.7152082482	0.0
302533.7796509878	4124012.2758873384	0.0
302534.0586745936	4124011.8428141843	0.0
302534.3545145128	4124011.4265537984	0.0
302534.77271420124	4124010.878999549	0.0
302535.1046042485	4124010.4670720934	0.0
302535.32320587424	4124009.918078414	0.0
302535.7671624652	4124009.641580646	0.0
302536.1154208424	4124009.233709027	0.0
302536.47381598526	4124008.8354058755	0.0
302536.8431915005	4124008.444800981	0.0
302537.232749145	4124008.069449392	0.0
302537.6318522872	4124007.7162626586	0.0
302538.030673094	4124007.388802636	0.0
302538.4278502858	4124007.073223629	0.0
302538.93699037994	4124006.6748899133	0.0
302539.43445028464	4124006.289413486	0.0
302539.93382845784	4124005.947745574	0.0
302540.4313459069	4124005.646459392	0.0
302540.9161570871	4124005.377298407	0.0
302541.38736623735	4124005.1462048567	0.0
302541.96175512974	4124004.924341299	0.0
302542.50651724404	4124004.732225458	0.0
302543.0300888302	4124004.563737707	0.0
302543.5229290459	4124004.4220630685	0.0
302544.0882651303	4124004.28700963	0.0
302544.5997875149	4124004.1911546416	0.0
302545.13939761085	4124004.0944538885	0.0
302545.70182511955	4124004.018125502	0.0
302546.294571253	4124003.9477452245	0.0
302546.9104826375	4124003.893658341	0.0
302547.41344763734	4124003.8616573326	0.0
302547.91873925657	4124003.8405187638	0.0
302548.4405209243	4124003.828614195	0.0
302548.96837773814	4124003.829704324	0.0
302549.5021573652	4124003.8310252284	0.0
302550.050426579	4124003.8320053103	0.0
302550.5919467595	4124003.835364629	0.0
302551.1430382256	4124003.8368334984	0.0
302551.6956343183	4124003.839377229	0.0
302552.25621881685	4124003.8419181104	0.0
302552.8153377742	4124003.838757381	0.0
302553.3740959466	4124003.8517033346	0.0
302553.93664602883	4124003.856048455	0.0
302554.50623220316	4124003.8639288233	0.0
302555.0765967892	4124003.873456246	0.0
302555.6482919899	4124003.876661173	0.0
302556.2292018077	4124003.869102307	0.0
302556.96286984545	4124003.8653515354	0.0
302557.54709321517	4124003.8477228563	0.0
302558.1450365649	4124003.841058691	0.0
302558.7429145499	4124003.8190380926	0.0
302559.34168835066	4124003.7973665386	0.0
302559.9489245181	4124003.77068502	0.0
302560.55023362604	4124003.7561703306	0.0
302561.3117934906	4124003.7306697	0.0
302561.91538564384	4124003.7188769486	0.0
302562.51651209616	4124003.702886405	0.0
302563.11973899277	4124003.694432985	0.0
302563.7217178093	4124003.6832334218	0.0
302564.31623873184	4124003.669433787	0.0
302564.90248428786	4124003.662305121	0.0
302565.483950699	4124003.653253513	0.0
302566.0644647885	4124003.6477400362	0.0
302566.64990152384	4124003.643961171	0.0
302567.2227142112	4124003.6380738206	0.0
302567.79577914823	4124003.636621446	0.0
302568.50813022687	4124003.632262886	0.0
302569.21598481486	4124003.6254196437	0.0
302569.7876147152	4124003.625851524	0.0
302570.34615095356	4124003.6293669743	0.0
302570.87039392197	4124003.6214767033	0.0
302571.44511132815	4124003.6210959256	0.0
302571.9465588918	4124003.6189229265	0.0
302572.4790468642	4124003.6156497635	0.0
302573.0380222552	4124003.612678792	0.0
302573.6243504317	4124003.6090644817	0.0
302574.17049737176	4124003.601584386	0.0
302574.690391697	4124003.5912061324	0.0
302575.263552175	4124003.5749491174	0.0
302575.862526013	4124003.5554944724	0.0
302576.63627064554	4124003.5260079084	0.0
302577.2661326524	4124003.498980498	0.0
302577.910679944	4124003.4736431236	0.0
302578.4110270715	4124003.437264681	0.0
302578.90989563393	4124003.394629812	0.0
302579.5623659324	4124003.3413507673	0.0
302580.1944237548	4124003.2755993474	0.0
302580.81774506054	4124003.1843334227	0.0
302581.4308861217	4124003.069067238	0.0
302582.0053633738	4124002.907526238	0.0
302582.56719901576	4124002.711680832	0.0
302583.0927104135	4124002.4683953538	0.0
302583.6728790287	4124002.127420461	0.0
302584.12954282516	4124001.818771233	0.0
302584.5207120079	4124001.4866825775	0.0
302584.9029490438	4124001.133339821	0.0
302585.2498056534	4124000.7601051712	0.0
302585.5898609881	4124000.3744480372	0.0
302585.915200479	4123999.9606414493	0.0
302586.2167051254	4123999.5272265165	0.0
302586.4258674162	4123999.072953906	0.0
302586.7513191006	4123998.5953922803	0.0
302586.9877290719	4123998.105221975	0.0
302587.1807788641	4123997.589241242	0.0
302587.3486502041	4123997.0782935773	0.0
302587.50575426477	4123996.5435444457	0.0
302587.6412240887	4123996.0324336844	0.0
302587.7592907392	4123995.5172913717	0.0
302587.9176945626	4123994.880556702	0.0
302588.0264204776	4123994.377106338	0.0
302588.110925221	4123993.865498015	0.0
302588.2399933407	4123993.362525324	0.0
302588.3213099021	4123992.85102292	0.0
302588.3758470508	4123992.2198767876	0.0
302588.3961480208	4123991.686679917	0.0
302588.39130526764	4123991.153704343	0.0
302588.36809824704	4123990.613574203	0.0
302588.3386204058	4123990.052127345	0.0
302588.3187008235	4123989.488235245	0.0
302588.2710543453	4123988.9090821533	0.0
302588.2137626094	4123988.3286756235	0.0
302588.1611071923	4123987.7310035345	0.0
302588.0981309781	4123987.1421671766	0.0
302588.0536153711	4123986.5388857345	0.0
302588.02751974284	4123985.7815909665	0.0
302588.03397866606	4123985.169339102	0.0
302588.0337623532	4123984.537445359	0.0
302588.03242842865	4123983.9020622126	0.0
302588.0300943025	4123983.261891647	0.0
302588.00964813575	4123982.6190014556	0.0
302587.99400715635	4123981.966561396	0.0
302587.9731790647	4123981.306974357	0.0
302587.940442847	4123980.6640557162	0.0
302587.9076160917	4123980.0105395736	0.0
302587.8651571198	4123979.3563247947	0.0
302587.83544919116	4123978.552536065	0.0
302587.7691893471	4123978.056111684	0.0
302587.6799731449	4123977.250526739	0.0
302587.6024337938	4123976.6017629434	0.0
302587.5383847874	4123975.974307654	0.0
302587.40660788823	4123975.200833262	0.0
302587.30886053765	4123974.573453851	0.0
302587.1965583923	4123973.9625149174	0.0
302587.09555402363	4123973.360192006	0.0
302586.98324753944	4123972.7553593735	0.0
302586.8730414691	4123972.1580638285	0.0
302586.7664229511	4123971.5497667664	0.0
302586.6469411702	4123970.9417722444	0.0
302586.51961447415	4123970.339883394	0.0
302586.3751584714	4123969.7330313693	0.0
302586.2194829533	4123969.120892139	0.0
302586.0744702362	4123968.502951036	0.0
302585.9149895699	4123967.8799841646	0.0
302585.7416889415	4123967.2606729907	0.0
302585.52862356685	4123966.485386327	0.0
302585.35018284747	4123965.873967576	0.0
302585.175534103	4123965.2602392053	0.0
302584.99992868677	4123964.656155224	0.0
302584.82050080405	4123964.0530863297	0.0
302584.6347587568	4123963.464598774	0.0
302584.5005009598	4123962.8708183137	0.0
302584.313188995	4123962.282054791	0.0
302584.07976329856	4123961.6933475365	0.0
302583.91097210074	4123961.0959496438	0.0
302583.74077635794	4123960.5143128703	0.0
302583.573702888	4123959.927051575	0.0
302583.4060901763	4123959.3420234015	0.0
302583.2474052136	4123958.7591907196	0.0
302583.0857240438	4123958.1810544194	0.0
302582.91511512175	4123957.607013862	0.0
302582.71364752733	4123956.9034335758	0.0
302582.55294917966	4123956.341927429	0.0
302582.3920465197	4123955.7968943184	0.0
302582.23239626485	4123955.2547923313	0.0
302582.06410087866	4123954.7099331017	0.0
302581.905020187	4123954.154310076	0.0
302581.78068156313	4123953.606394538	0.0
302581.491948261	4123952.794202136	0.0
302581.3192606732	4123952.2512965836	0.0
302581.09901559586	4123951.57961414	0.0
302580.92270987714	4123951.033833115	0.0
302580.7393897996	4123950.4917327575	0.0
302580.5559653087	4123949.94519399	0.0
302580.416775945	4123949.3864072314	0.0
302580.18154084537	4123948.8382318867	0.0
302579.99222816154	4123948.280359373	0.0
302579.69851594383	4123947.4412817797	0.0
302579.48734685325	4123946.872451096	0.0
302579.27656478796	4123946.307497073	0.0
302579.05816816585	4123945.733285303	0.0
302578.8376537539	4123945.1633791807	0.0
302578.61140776926	4123944.588796929	0.0
302578.37819953565	4123944.0075320974	0.0
302578.14644810127	4123943.431599057	0.0
302577.7724592968	4123942.550741099	0.0
302577.51323297	4123941.963982045	0.0
302577.2511408349	4123941.374884934	0.0
302576.9830040176	4123940.7803789144	0.0
302576.70447823405	4123940.1844519307	0.0
302576.42799627024	4123939.5873666643	0.0
302576.14541314566	4123938.9950508135	0.0
302575.9366796324	4123938.398572529	0.0
302575.6583885639	4123937.9564251653	0.0
302575.38384600624	4123937.366325688	0.0
302575.24356982275	4123936.7868196177	0.0
302574.906901542	4123936.3474468966	0.0
302574.6956066177	4123935.767975618	0.0
302574.4353232563	4123935.336583507	0.0
302574.16909093875	4123934.7664575498	0.0
302573.90366306587	4123934.1927969893	0.0
302573.57957965357	4123933.4776680684	0.0
302573.31264279434	4123932.915330229	0.0
302573.0507111568	4123932.3456582516	0.0
302572.7956894429	4123931.7678671936	0.0
302572.5431682919	4123931.2083359184	0.0
302572.27670523315	4123930.634699744	0.0
302572.0122468549	4123930.0582408844	0.0
302571.740126122	4123929.483072474	0.0
302571.46544829174	4123928.89982262	0.0
302571.17671988497	4123928.310426991	0.0
302570.9579927769	4123927.7329366994	0.0
302570.6678815012	4123927.3004401703	0.0
302570.37343025557	4123926.7256119987	0.0
302570.0784789047	4123926.1546813617	0.0
302569.7832187993	4123925.5894941194	0.0
302569.4916811136	4123925.025329546	0.0
302569.2047095176	4123924.466608669	0.0
302568.9114932065	4123923.9065543944	0.0
302568.63125332503	4123923.3572970787	0.0
302568.3431814378	4123922.802117796	0.0
302568.0633502933	4123922.2576618255	0.0
302567.7805967862	4123921.708463658	0.0
302567.49680391257	4123921.1591049093	0.0
302567.2216866077	4123920.6137979385	0.0
302566.9444731641	4123920.0611388288	0.0
302566.61279180035	4123919.375239532	0.0
302566.28147125477	4123918.6795248385	0.0
302566.0092107961	4123918.123603634	0.0
302565.73964643956	4123917.562808077	0.0
302565.46650744305	4123917.000986392	0.0
302565.2672357662	4123916.4398348955	0.0
302564.9344495215	4123915.88441001	0.0
302564.6666288376	4123915.3222782137	0.0
302564.45987305907	4123914.764427728	0.0
302564.1265865772	4123914.205889679	0.0
302563.85726989503	4123913.6493441802	0.0
302563.58732691297	4123913.085041894	0.0
302563.3171795859	4123912.5309214187	0.0
302563.03419058636	4123911.971736959	0.0
302562.75519797363	4123911.41264354	0.0
302562.4670556985	4123910.84821426	0.0
302562.171977272	4123910.2845032485	0.0
302561.93691125256	4123909.838173914	0.0
302561.69084728055	4123909.3708241098	0.0
302561.43505523633	4123908.8924159235	0.0
302561.1581111164	4123908.395261514	0.0
302560.8723955997	4123907.8836955694	0.0
302560.5747733781	4123907.3690790534	0.0
302560.2770466262	4123906.8374416656	0.0
302559.976780303	4123906.317336274	0.0
302559.68565048545	4123905.7957207216	0.0
302559.3988824151	4123905.283439434	0.0
302559.1298309194	4123904.788504896	0.0
302558.8610838027	4123904.29393328	0.0
302558.59717680694	4123903.81016496	0.0
302558.3353832993	4123903.334488527	0.0
302558.0839831928	4123902.8730004514	0.0
302557.8331962279	4123902.4124231418	0.0
302557.5892063531	4123901.9703746173	0.0
302557.195959251	4123901.2520621642	0.0
302556.8110443056	4123900.5546478666	0.0
302556.5202228735	4123900.033580262	0.0
302556.2342197639	4123899.51610005	0.0
302555.95522690244	4123899.0262103863	0.0
302555.6982427695	4123898.5537515436	0.0
302555.44585961057	4123898.094507093	0.0
302555.1483799999	4123897.5482461746	0.0
302554.9001106187	4123897.08779475	0.0
302554.6417088328	4123896.6305422573	0.0
302554.38626841514	4123896.167113912	0.0
302554.17171922716	4123895.665415754	0.0
302553.864315739	4123895.234966597	0.0
302553.60206500906	4123894.7461634637	0.0
302553.3138608271	4123894.1917278515	0.0
302553.02118585	4123893.5981697235	0.0
302552.7135511271	4123892.9723971165	0.0
302552.43216068414	4123892.355444022	0.0
302552.102685269	4123891.543298548	0.0
302551.7946708285	4123890.769320837	0.0
302551.5786760623	4123890.2030096827	0.0
302551.27017494803	4123889.4838141752	0.0
302551.04106050136	4123888.957224376	0.0
302550.81378129876	4123888.4457643866	0.0
302550.5026539077	4123887.778440838	0.0
302550.277070872	4123887.2950664763	0.0
302549.992083555	4123886.6572889565	0.0
302549.76854884555	4123886.19181494	0.0
302549.56458741624	4123885.7157035028	0.0
302549.3571211153	4123885.260398581	0.0
302549.14363183145	4123884.8006094364	0.0
302548.8736562971	4123884.197265639	0.0
302548.66702485364	4123883.739720654	0.0
302548.46127187205	4123883.138849978	0.0
302548.18566905474	4123882.6844946938	0.0
302547.9733058858	4123882.2159823757	0.0
302547.7544283709	4123881.747253232	0.0
302547.54458745033	4123881.2853428978	0.0
302547.3349160047	4123880.8117712955	0.0
302547.0329769801	4123880.1577393543	0.0
302546.71631721006	4123879.4564993815	0.0
302546.4663587496	4123878.899128878	0.0
302546.20097530005	4123878.32121213	0.0
302545.9326389504	4123877.7309674243	0.0
302545.6594232926	4123877.1345462697	0.0
302545.3902388386	4123876.5396956187	0.0
302545.1158358597	4123875.9368261383	0.0
302544.8498475959	4123875.339494843	0.0
302544.5742530023	4123874.736283336	0.0
302544.3047596469	4123874.1408848697	0.0
302544.03258746007	4123873.544809284	0.0
302543.7536833917	4123872.9392701765	0.0
302543.47874550207	4123872.3576924964	0.0
302543.2161532928	4123871.7538050828	0.0
302542.9333179824	4123871.157240219	0.0
302542.6581755223	4123870.5669706655	0.0
302542.3811935625	4123869.98026008	0.0
302542.10755139566	4123869.3971716627	0.0
302541.8371707676	4123868.820667833	0.0
302541.55976253917	4123868.2347074435	0.0
302541.2677167172	4123867.661673867	0.0
302540.9749272312	4123867.0884727556	0.0
302540.6776020454	4123866.517413752	0.0
302540.37558019476	4123865.9416542985	0.0
302540.27631959325	4123865.369701359	0.0
302539.8608125652	4123864.9943507155	0.0
302539.5495192867	4123864.4269509893	0.0
302539.1214879907	4123863.6765210344	0.0
302538.8170353702	4123863.1357906675	0.0
302538.5044941037	4123862.590809722	0.0
302538.17748453806	4123862.0282206256	0.0
302537.7728320662	4123861.3283107663	0.0
302537.47334141895	4123860.816144336	0.0
302537.0994084673	4123860.164361421	0.0
302536.83739938395	4123859.679623821	0.0
302536.5948899179	4123859.2062698253	0.0
302536.3333933909	4123858.6678596544	0.0
302536.0895792747	4123858.195646582	0.0
302535.81083567534	4123857.6472801263	0.0
302535.5652689306	4123857.1697422424	0.0
302535.27447065874	4123856.6183287315	0.0
302535.040836964	4123856.170115945	0.0
302534.7058028943	4123855.53684683	0.0
302534.44491554686	4123855.05578363	0.0
302534.1870331389	4123854.576685142	0.0
302533.91683070734	4123854.0832586205	0.0
302533.639613776	4123853.587221581	0.0
302533.3602616391	4123853.094750467	0.0
302533.08494066424	4123852.59755862	0.0
302532.7940121589	4123852.0972182616	0.0
302532.50643209147	4123851.5945787015	0.0
302532.2172821405	4123851.0943815536	0.0
302531.91970866953	4123850.588276381	0.0
302531.6140247917	4123850.076995966	0.0
302531.30608388834	4123849.5641033296	0.0
302530.9945770769	4123849.056845679	0.0
302530.5737290756	4123848.3728601574	0.0
302530.2803256343	4123847.8490784843	0.0
302529.97628090275	4123847.325732196	0.0
302529.68251193676	4123846.7864160887	0.0
302529.3812980093	4123846.251345934	0.0
302529.08365848724	4123845.6984282173	0.0
302528.77739128814	4123845.162366743	0.0
302528.466801294	4123844.6123442166	0.0
302528.167013436	4123844.062437645	0.0
302527.8651469932	4123843.524792379	0.0
302527.55917087174	4123842.9759565894	0.0
302527.25686942245	4123842.432400412	0.0
302526.95052803995	4123841.8931951225	0.0
302526.64415181475	4123841.3525103694	0.0
302526.3350097318	4123840.807449825	0.0
302526.0275984423	4123840.266789442	0.0
302525.71790401486	4123839.7234072364	0.0
302525.40448263113	4123839.172526232	0.0
302525.0927876219	4123838.619569224	0.0
302524.79172942333	4123838.0597006762	0.0
302524.4836914366	4123837.492409855	0.0
302524.07349593984	4123836.739340485	0.0
302523.7551774207	4123836.162669658	0.0
302523.3374323096	4123835.39682539	0.0
302523.02409728913	4123834.8181869797	0.0
302522.7091748992	4123834.2349600163	0.0
302522.39666595217	4123833.647420449	0.0
302522.0711238839	4123833.05926233	0.0
302521.7437509416	4123832.468741823	0.0
302521.41728677554	4123831.8728338936	0.0
302520.9677128536	4123831.0871995054	0.0
302520.743902119	4123830.503848573	0.0
302520.40776206274	4123830.1059880275	0.0
302520.06002835394	4123829.5240881885	0.0
302519.726849827	4123828.950912707	0.0
302519.3883611985	4123828.353252336	0.0
302519.0413579353	4123827.7709652735	0.0
302518.7224905636	4123827.17099294	0.0
302518.30858849164	4123826.373602288	0.0
302517.984263398	4123825.7743134876	0.0
302517.65334985324	4123825.165372779	0.0
302517.33170341386	4123824.5604698895	0.0
302517.00532973505	4123823.943280794	0.0
302516.6782691678	4123823.3472020095	0.0
302516.34685959155	4123822.729761341	0.0
302516.0124235328	4123822.1345962463	0.0
302515.67931813316	4123821.5393998544	0.0
302515.34223790356	4123820.9387458996	0.0
302514.99742559437	4123820.336423505	0.0
302514.6557487537	4123819.7416138435	0.0
302514.30730521376	4123819.1421524505	0.0
302513.95804410544	4123818.545670884	0.0
302513.6162191167	4123817.9382822737	0.0
302513.28790563834	4123817.339272493	0.0
302512.9527254647	4123816.7376487316	0.0
302512.62794739555	4123816.1380006834	0.0
302512.197858326	4123815.33803053	0.0
302511.879146614	4123814.738424818	0.0
302511.5535725564	4123814.1363900593	0.0
302511.2242585375	4123813.532592941	0.0
302510.8997411431	4123812.9314585235	0.0
302510.57482364564	4123812.3321838933	0.0
302510.15116180794	4123811.5476056584	0.0
302509.83524635923	4123810.9725440494	0.0
302509.63289136515	4123810.407930324	0.0
302509.2310561804	4123809.8528566407	0.0
302508.9364063045	4123809.3139319224	0.0
302508.6530894404	4123808.7976850756	0.0
302508.3702594657	4123808.270694674	0.0
302508.0089334221	4123807.6141753304	0.0
302507.7442119573	4123807.127466884	0.0
302507.4850831411	4123806.6583903492	0.0
302507.2346475326	4123806.200396503	0.0
302506.9913396268	4123805.756112686	0.0
302506.66950516275	4123805.1810054006	0.0
302506.3692580273	4123804.630555157	0.0
302506.00272625627	4123803.97286311	0.0
302505.7305551021	4123803.4776332844	0.0
302505.4676253181	4123803.0104965908	0.0
302505.1582455782	4123802.449159077	0.0
302504.86897929315	4123801.937863256	0.0
302504.600900467	4123801.465666716	0.0
302504.3180136224	4123800.9488547617	0.0
302504.0575147452	4123800.4907276896	0.0
302503.78924002836	4123800.0102091455	0.0
302503.4993257616	4123799.5091056055	0.0
302503.2249280341	4123799.032431866	0.0
302502.9595931234	4123798.5636864984	0.0
302502.6965935996	4123798.1061734064	0.0
302502.40256951627	4123797.5938793793	0.0
302502.0254045428	4123796.9369927635	0.0
302501.6939719013	4123796.3689578073	0.0
302501.330814552	4123795.747823723	0.0
302500.9389592317	4123795.076479883	0.0
302500.51971940376	4123794.3667377117	0.0
302500.2292917508	4123793.8752682335	0.0
302499.7848982578	4123793.127630367	0.0
302499.1534185194	4123792.093147235	0.0
302498.84122907213	4123791.55704096	0.0
302498.51582351536	4123790.999966475	0.0
302498.19200073945	4123790.4347131606	0.0
302497.8739966402	4123789.8778346223	0.0
302497.551547924	4123789.308108127	0.0
302497.2426239238	4123788.7536064712	0.0
302496.92992514314	4123788.1958629875	0.0
302496.62410179456	4123787.647394596	0.0
302496.32022674335	4123787.1062818244	0.0
302496.02366616897	4123786.5616663047	0.0
302495.43331982713	4123785.502345887	0.0
302495.1409906934	4123784.9740990642	0.0
302494.8546717057	4123784.462364105	0.0
302494.57310150616	4123783.9512575655	0.0
302494.2918314304	4123783.446620243	0.0
302493.87398153445	4123782.695397501	0.0
302493.5975386185	4123782.2010086523	0.0
302493.32935843343	4123781.718267719	0.0
302493.0633395928	4123781.2393617015	0.0
302492.66422443074	4123780.5298864767	0.0
302492.4065987343	4123780.061885171	0.0
302492.14321102866	4123779.6004957194	0.0
302491.88789025095	4123779.142432154	0.0
302491.6350179231	4123778.6941179107	0.0
302491.383524148	4123778.247806636	0.0
302491.1341743174	4123777.8045905414	0.0
302490.7641266657	4123777.1547532887	0.0
302490.4036985453	4123776.5176422494	0.0
302490.04271375877	4123775.8820246127	0.0
302489.700720163	4123775.2676093816	0.0
302489.34877241915	4123774.6639754525	0.0
302489.0086143038	4123774.0772725046	0.0
302488.70345140924	4123773.5569143305	0.0
302488.42048508924	4123773.0808126763	0.0
302488.15232657106	4123772.6304527274	0.0
302487.83872202155	4123772.0656994516	0.0
302487.55556849437	4123771.5816456643	0.0
302487.26260822255	4123771.0769135314	0.0
302486.980041804	4123770.598952141	0.0
302486.7087085161	4123770.1457063514	0.0
302486.44532911794	4123769.6972693945	0.0
302486.1548650742	4123769.2043208815	0.0
302485.8990484689	4123768.640985832	0.0
302485.55266268353	4123768.2070821417	0.0
302485.25448348455	4123767.688040033	0.0
302484.9954306755	4123767.2222929285	0.0
302484.7506289812	4123766.777489677	0.0
302484.47482871864	4123766.285306388	0.0
302484.2366548169	4123765.7485454464	0.0
302483.9271592252	4123765.29196559	0.0
302483.669802139	4123764.8165567275	0.0
302483.4103269691	4123764.3265798404	0.0
302483.1674421405	4123763.8312166026	0.0
302482.92822354217	4123763.353345555	0.0
302482.66050223017	4123762.808421892	0.0
302482.4124030584	4123762.3052248033	0.0
302482.1889443771	4123761.836974896	0.0
302481.9359395588	4123761.3202005625	0.0
302481.7055444942	4123760.846377755	0.0
302481.46452950314	4123760.355041358	0.0
302481.22292295884	4123759.857427649	0.0
302481.00126880617	4123759.384139324	0.0
302480.7654636542	4123758.9004518776	0.0
302480.5475845102	4123758.449279095	0.0
302480.31075291225	4123757.959694649	0.0
302480.08643743035	4123757.499051437	0.0
302479.7066058323	4123756.7226949097	0.0
302479.4614375627	4123756.2309011775	0.0
302479.19209395215	4123755.698783286	0.0
302478.90518534975	4123755.1432090304	0.0
302478.66001293773	4123754.670104086	0.0
302478.3955052076	4123754.148604529	0.0
302478.01812251646	4123753.4260360147	0.0
302477.7648091515	4123752.952752582	0.0
302477.4093882845	4123752.277036611	0.0
302477.22319115954	4123751.763435992	0.0
302476.84299504006	4123751.23621236	0.0
302476.46216391434	4123750.5368545894	0.0
302476.1661534953	4123750.009435073	0.0
302475.97224137944	4123749.4752251995	0.0
302475.6737172231	4123748.9407782117	0.0
302475.26579733536	4123748.4063724517	0.0
302474.96105427685	4123747.8662059153	0.0
302474.5488506571	4123747.147602523	0.0
302474.23395311343	4123746.603419121	0.0
302474.0196146462	4123746.0629030946	0.0
302473.60016585875	4123745.521437521	0.0
302473.28112383385	4123744.9771666364	0.0
302473.0604057596	4123744.4349260256	0.0
302472.621343778	4123743.8908007634	0.0
302472.305724224	4123743.3536657905	0.0
302471.9832682641	4123742.8089201725	0.0
302471.55989206396	4123742.080772884	0.0
302471.2429067449	4123741.5358985555	0.0
302470.9263735602	4123740.985092435	0.0
302470.61595472007	4123740.43636288	0.0
302470.3093801397	4123739.8875428713	0.0
302469.9999830659	4123739.331942946	0.0
302469.69253432006	4123738.7836986366	0.0
302469.3829241403	4123738.2316194344	0.0
302469.06927389617	4123737.677599912	0.0
302468.7576110414	4123737.1263091774	0.0
302468.44141656905	4123736.564763056	0.0
302468.1167855714	4123736.009336634	0.0
302467.78735345765	4123735.45106262	0.0
302467.4642312062	4123734.8843134968	0.0
302467.13677773357	4123734.3283984154	0.0
302466.8256448278	4123733.755631053	0.0
302466.5043009911	4123733.1827339106	0.0
302466.1884191479	4123732.609338174	0.0
302465.87102387374	4123732.0344977695	0.0
302465.55701623077	4123731.459022548	0.0
302465.23775519035	4123730.8803403066	0.0
302464.91665888694	4123730.2991107535	0.0
302464.6011637342	4123729.7170092557	0.0
302464.28120223177	4123729.127426381	0.0
302463.9732349046	4123728.557175119	0.0
302463.65166407416	4123727.9557878096	0.0
302463.3312459276	4123727.3719518376	0.0
302463.01792937657	4123726.7944250302	0.0
302462.8053508888	4123726.2105160113	0.0
302462.4827538222	4123725.822995715	0.0
302462.15802142257	4123725.2318598516	0.0
302461.8436003027	4123724.6639809622	0.0
302461.5265130198	4123724.077106081	0.0
302461.21353547473	4123723.5014217147	0.0
302460.89837494475	4123722.933560254	0.0
302460.5907812414	4123722.366630955	0.0
302460.2870362707	4123721.806087367	0.0
302460.1792661561	4123721.0522666224	0.0
302459.66877422936	4123720.679887658	0.0
302459.3558055918	4123720.1297381544	0.0
302459.15324218874	4123719.5700695245	0.0
302458.7308898218	4123719.00998632	0.0
302458.4103193814	4123718.4574252306	0.0
302458.1977403892	4123717.8839213806	0.0
302457.66288182966	4123717.129060203	0.0
302457.4469891916	4123716.558106663	0.0
302457.12000378023	4123716.1761310305	0.0
302456.7895566637	4123715.59993273	0.0
302456.46124491026	4123715.0327509674	0.0
302456.12972788425	4123714.455097575	0.0
302455.6852525331	4123713.691735453	0.0
302455.35567943787	4123713.121252758	0.0
302455.0203485376	4123712.551275644	0.0
302454.67841608735	4123711.977383097	0.0
302454.22887414636	4123711.2124749464	0.0
302453.66623013513	4123710.2557552797	0.0
302453.2095995293	4123709.491384067	0.0
302452.8680496056	4123708.9211833077	0.0
302452.538597667	4123708.3370051594	0.0
302452.2207134437	4123707.7540350826	0.0
302451.8988283016	4123707.170789099	0.0
302451.5738119845	4123706.586506595	0.0
302451.3615934115	4123705.817754792	0.0
302450.9199393735	4123705.42450826	0.0
302450.6011984898	4123704.855436121	0.0
302450.28159652953	4123704.287494474	0.0
302449.96310776053	4123703.7165660583	0.0
302449.63797861733	4123703.158931507	0.0
302449.3176417139	4123702.5974834603	0.0
302449.07276743767	4123702.105268362	0.0
